chrom	start	end	avg_depth_from_bam_files	recombination_rate_50site_minimum	recombination_rate_200site_minimum	U20_bel_popA	U50_bel_popA	Q95_bel_popA	informative_sites_bel_popA	U20_bel_popB	U50_bel_popB	Q95_bel_popB	informative_sites_bel_popB	mid_position	sites_summ_stats	pi_belem	pi_tapajos	pi_xingu	dxy_tapajos_belem	dxy_xingu_belem	dxy_tapajos_xingu	Fst_tapajos_belem	Fst_xingu_belem	Fst_tapajos_xingu	Tapajos_enrichment	Xingu_enrichment	Belem_enrichment	Tapajos_RTH	Xingu_RTH	Xingu_RTH_inverse	Belem_RTH	Belem_RTH_inverse	Xingu_Belem_RTH	Tapajos_Xingu_RTH	Tapajos_Xingu_RTH_inverse	TMRCAH_Xin_Bel	TMRCAH_Tap_Xin	Tapajos_Xingu_JCR	row_id
Chromosome_1_RagTag	3770000	3780000	14.36181818	2.89e-9	2.89e-9	0	0	0	0	0	0	0	0	3775000	243	0.0655	0.1842	0.1455	0.2157	0.1497	0.1862	0.2717	0.1671	0.0618	4.498	2.343	5.295	0.766	0.867	1.153402537	0.464	2.155172414	0.796	0.893	1.119820829	141573.344	137454.665	1.029963908	269
Chromosome_1_RagTag	7700000	7710000	14.33909091	7.27e-10	7.27e-10	0	0	0	0	0	0	0	0	7705000	210	0.1172	0.134	0.1302	0.1701	0.1672	0.1559	0.1538	0.1494	0.0833	4.25	3.223	5.81	0.929	0.95	1.052631579	0.731	1.367989056	1.393	1.442	0.693481276	164347.558	174134.19	0.943798332	654
Chromosome_1_RagTag	19870000	19880000	14.60121212	7.77e-10	7.77e-10	0	0	0	0	0	0	0	0	19875000	211	0.0682	0.1035	0.0516	0.1	0.0812	0.0901	0.0777	0.154	0.0783	3.65	6.781	5.32	1.115	0.97	1.030927835	0.474	2.109704641	1	1	1	98030.145	98030.145	1	1870
Chromosome_1_RagTag	28570000	28580000	13.86878788	6.14e-10	6.14e-10	0	0	0	0	0	0	0	0	28575000	203	0.0577	0.1315	0.1113	0.1159	0.1267	0.1325	0.1037	0.1943	0.0444	2.13	4.618	8.717	0.99	0.751	1.331557923	0.256	3.90625	0.996	1.015	0.985221675	191197.06	195471.73	0.978131518	2547
Chromosome_1_RagTag	30730000	30740000	13.84848485	9.65e-10	9.65e-10	0	0	0	0	0	0	0	0	30735000	194	0.1053	0.1402	0.1359	0.1699	0.165	0.1383	0.1644	0.1539	9e-4	1.434	2.073	5.484	0.91	0.875	1.142857143	0.664	1.506024096	1.985	0.945	1.058201058	158986.29	104107.383	1.527137513	2763
Chromosome_1_RagTag	32690000	32700000	14.09030303	8.97e-10	8.97e-10	0	0	0	0	0	0	0	0	32695000	183	0.0728	0.1013	0.0873	0.1345	0.1106	0.1	0.2185	0.1593	0.0297	4.28	2.346	3.634	1	1	1	0.986	1.014198783	1	1	1	104873.1	104873.1	1	2959
Chromosome_1_RagTag	37440000	37450000	13.52333333	7.92e-10	7.92e-10	0	0	0	0	0	0	0	0	37445000	234	0.0523	0.1448	0.1477	0.241	0.151	0.1718	0.4258	0.1946	0.0805	5.872	3.207	9.521	0.95	1.051	0.951474786	0.333	3.003003003	1.398	1.153	0.867302689	161104.228	124222.956	1.296895785	3434
Chromosome_1_RagTag	38620000	38630000	13.62515152	1.19e-9	1.19e-9	0	0	0	0	0	0	0	0	38625000	231	0.2085	0.0738	0.1236	0.2245	0.2417	0.149	0.2323	0.1914	0.1985	9.043	5.638	5.725	0.415	0.718	1.39275766	0.427	2.341920375	1.066	0.917	1.090512541	161310.18	149205.161	1.081130029	3552
Chromosome_1_RagTag	42600000	42610000	13.65151515	2.05e-9	2.05e-9	0	0	0	0	0	0	0	0	42605000	228	0.1246	0.1583	0.082	0.1549	0.1425	0.1586	0.0466	0.1642	0.1437	2.554	5.186	3.559	1.587	0.538	1.858736059	1.063	0.940733772	0.844	1.085	0.921658986	86978.4	115007.358	0.756285524	3950
Chromosome_1_RagTag	42610000	42620000	13.68212121	2.05e-9	2.05e-9	0	0	0	0	0	0	0	0	42615000	202	0.0887	0.1431	0.1072	0.1517	0.1461	0.1528	0.1365	0.1959	0.1014	2.743	6.559	5.165	1.663	0.318	3.144654088	0.056	17.85714286	0.867	1.546	0.64683053	116012.949	169898.012	0.682838767	3951
Chromosome_1_RagTag	42620000	42630000	13.39454545	1.31e-9	1.31e-9	0	0	0	0	0	0	0	0	42625000	210	0.1744	0.2488	0.1689	0.2485	0.2632	0.2317	0.0822	0.2117	0.0534	3.114	5.664	4.722	1.098	0.622	1.607717042	0.042	23.80952381	1	0.769	1.300390117	174588.05	111135.454	1.570948277	3952
Chromosome_1_RagTag	42630000	42640000	13.25969697	8.23e-10	8.23e-10	0	0	0	0	0	0	0	0	42635000	270	0.1465	0.1926	0.1599	0.1865	0.2085	0.2111	0.0488	0.1529	0.0914	3.37	5.238	4.431	0.973	0.503	1.988071571	0.102	9.803921569	0.809	0.764	1.308900524	197649.778	169991.266	1.162705489	3953
Chromosome_1_RagTag	53850000	53860000	14.32575758	1.1e-9	1.1e-9	0	0	0	0	0	0	0	0	53855000	247	0.0472	0.1568	0.1029	0.139	0.1056	0.1376	0.1568	0.1633	0.0296	2.318	3.139	8.86	1.062	1.023	0.977517107	0.318	3.144654088	0.948	1.023	0.977517107	98030.145	104873.1	0.934750141	5071
Chromosome_1_RagTag	53870000	53880000	13.87666667	5.98e-10	5.98e-10	0	0	0	0	0	0	0	0	53875000	213	0.0388	0.1087	0.1073	0.1185	0.109	0.108	0.2369	0.1888	0	2.067	2.838	11.529	1	1	1	0.319	3.134796238	1.088	1	1	114091.831	104873.1	1.087903676	5073
Chromosome_1_RagTag	54060000	54070000	13.94090909	6.08e-10	6.08e-10	0	0	0	0	0	0	0	0	54065000	217	0.1023	0.1636	0.1245	0.1781	0.1567	0.1635	0.1483	0.1591	0.0644	3.332	2.535	6.518	1.179	1.362	0.734214391	0.246	4.06504065	0.99	1.362	0.734214391	151411.593	185497.5	0.816246003	5092
Chromosome_1_RagTag	65190000	65200000	14.17575758	1.12e-9	1.12e-9	0	0	0	0	0	0	0	0	65195000	87	0.0773	0.1437	0.13	0.1493	0.1427	0.1441	0.1525	0.1549	0.0262	4.249	4.865	5.293	0.387	0.319	3.134796238	0.575	1.739130435	0.948	0.319	3.134796238	175822.572	59253.4	2.967299294	6192
Chromosome_1_RagTag	66770000	66780000	13.9469697	1.35e-9	1.35e-9	0	0	0	0	0	0	0	0	66775000	163	0.0828	0.1188	0.1211	0.1287	0.1392	0.1246	0.1242	0.1522	0.0191	3.36	2.038	6.427	0.987	1.177	0.849617672	0.066	15.15151515	1	1.177	0.849617672	94380.569	104873.1	0.899950216	6350
Chromosome_1_RagTag	69480000	69490000	13.93818182	1.22e-9	1.22e-9	0	0	0	0	0	0	0	0	69485000	266	0.0729	0.151	0.1053	0.1702	0.1216	0.1503	0.2108	0.152	0.0815	2.632	3.316	7.981	1.514	0.948	1.054852321	0.346	2.89017341	0.835	1.185	0.843881857	76588.886	104873.1	0.730300582	6621
Chromosome_1_RagTag	69680000	69690000	13.02757576	1.57e-9	1.57e-9	0	0	0	0	0	0	0	0	69685000	203	0.1272	0.1497	0.1283	0.1585	0.1809	0.1732	0.0693	0.1728	0.1111	3.829	6.036	3.84	0.991	0.826	1.210653753	0.898	1.113585746	1	1	1	104873.12	104873.133	0.999999876	6641
Chromosome_1_RagTag	69740000	69750000	14.2069697	1.74e-9	1.74e-9	0	0	0	0	0	0	0	0	69745000	210	0.097	0.1435	0.1209	0.1709	0.1572	0.1462	0.1775	0.1799	0.051	3.795	4.866	6.27	0.987	0.803	1.245330012	0.778	1.285347044	1	0.983	1.017293998	104873.1	103048.312	1.017708082	6647
Chromosome_1_RagTag	71330000	71340000	14.23909091	1.17e-9	1.17e-9	0	0	0	0	0	0	0	0	71335000	261	0.0588	0.1173	0.0326	0.1069	0.0878	0.1054	0.0993	0.3249	0.1806	4.002	11.63	8.534	1.054	0.853	1.172332943	0.07	14.28571429	1.254	1	1	131479.152	104873.1	1.253697583	6806
Chromosome_1_RagTag	71340000	71350000	13.8530303	1.17e-9	1.17e-9	0	0	0	0	0	0	0	0	71345000	189	0.1072	0.14	0.0972	0.1683	0.1546	0.1324	0.1564	0.206	0.0565	3.228	3.922	7.416	1.037	0.991	1.009081736	0.106	9.433962264	1.254	0.991	1.009081736	133091.64	104873.1	1.269073194	6807
Chromosome_1_RagTag	71960000	71970000	13.33545455	8.22e-10	8.22e-10	0	0	0	0	0	0	0	0	71965000	279	0.0932	0.1665	0.1618	0.1625	0.1795	0.1688	0.1142	0.1653	0.0138	2.064	2.398	5.85	0.99	1.737	0.575705239	0.537	1.862197393	1.033	1.674	0.597371565	132772.296	200907.798	0.660861835	6866
Chromosome_1_RagTag	76060000	76070000	14.14181818	1.45e-9	1.45e-9	0	0	0	0	0	0	0	0	76065000	247	0.0472	0.1382	0.0766	0.1222	0.0872	0.1218	0.1405	0.166	0.0655	3.631	4.209	9.123	1.122	0.726	1.377410468	0.193	5.18134715	0.919	0.984	1.016260163	136316.616	145185.3	0.938914725	7274
Chromosome_1_RagTag	77560000	77570000	14.19484848	4.77e-10	4.77e-10	0	0	0	0	0	0	0	0	77565000	198	0.037	0.1228	0.1354	0.1194	0.1192	0.1524	0.2022	0.1519	0.0826	4.728	5.021	10.721	1.261	1.038	0.963391137	0.319	3.134796238	1	1.423	0.702740689	104873.1	149216.52	0.702824996	7424
Chromosome_1_RagTag	86830000	86840000	13.92181818	6.75e-10	NA	0	0	0	0	0	0	0	0	86835000	93	0.153	0.105	0.1425	0.2293	0.2089	0.1333	0.285	0.1727	0.0366	2.69	2.72	6.058	0.822	0.595	1.680672269	0.056	17.85714286	1	0.595	1.680672269	104873.1	62446.779	1.679399669	8237
Chromosome_1_RagTag	86840000	86850000	14.12606061	8.8e-10	NA	0	0	0	0	0	0	0	0	86845000	84	0.1455	0.0925	0.1084	0.2013	0.1806	0.1106	0.2619	0.178	0.0479	2.58	2.628	6.516	0.639	0.617	1.620745543	0.333	3.003003003	1	0.617	1.620745543	101223.524	61078.188	1.657277783	8238
Chromosome_1_RagTag	86860000	86870000	14.53	1.7e-9	1.7e-9	0	0	0	0	0	0	0	0	86865000	94	0.1176	0.1253	0.1274	0.1936	0.1713	0.1319	0.2336	0.1663	0.0216	3.014	1.525	6.456	0.943	0.856	1.168224299	0.417	2.398081535	1.062	0.93	1.075268817	90274.796	79326.068	1.138021816	8240
Chromosome_1_RagTag	86870000	86880000	13.77212121	1.7e-9	1.7e-9	0	0	0	0	0	0	0	0	86875000	120	0.1226	0.1264	0.1223	0.1928	0.173	0.1303	0.2194	0.1718	0.0236	3.507	1.945	6.582	1	1	1	0.612	1.633986928	1	1	1	59253.4	59253.4	1	8241
Chromosome_1_RagTag	99790000	99800000	14.04272727	1.07e-9	1.07e-9	0	0	0	0	0	0	0	0	99795000	139	0.0676	0.1261	0.0862	0.1199	0.1091	0.1281	0.1088	0.1715	0.0961	4.925	6.086	9.103	1	1	1	0.564	1.773049645	1	1	1	59253.4	59253.4	1	9478
Chromosome_1_RagTag	99800000	99810000	13.01969697	1.19e-9	NA	0	0	0	0	0	0	0	0	99805000	81	0.0535	0.1321	0.1264	0.1597	0.1289	0.1459	0.2698	0.1713	0.061	4.528	3.396	7.59	1	0.565	1.769911504	0.564	1.773049645	0.715	1	1	42379.545	59253.411	0.715225407	9479
Chromosome_1_RagTag	104820000	104830000	14.0269697	8.79e-10	NA	0	0	0	0	0	0	0	0	104825000	106	0.0664	0.1485	0.173	0.2147	0.176	0.1731	0.3385	0.1824	0.0368	5.214	2.106	4.51	0.325	1	1	0.852	1.17370892	1.023	0.935	1.069518717	59253.4	54607.078	1.085086442	9939
Chromosome_1_RagTag	113500000	113510000	13.9930303	2.11e-9	2.11e-9	0	0	0	0	0	0	0	0	113505000	337	0.2035	0.2255	0.1735	0.2334	0.278	0.3046	0.0433	0.1943	0.2121	3.32	4.089	4.353	0.756	0.351	2.849002849	0.817	1.223990208	0.933	1.145	0.873362445	160605.813	238060.038	0.674644154	10634
Chromosome_1_RagTag	114860000	114870000	14.01969697	2.26e-9	2.26e-9	0	0	0	0	0	0	0	0	114865000	386	0.1335	0.201	0.1071	0.1969	0.1802	0.2124	0.0835	0.2023	0.1655	2.712	6	4.831	0.913	0.381	2.624671916	0.742	1.347708895	0.769	0.989	1.011122346	236251.909	285799.454	0.826635271	10770
Chromosome_1_RagTag	116150000	116160000	13.99121212	8.06e-10	8.06e-10	0	0	0	0	0	0	0	0	116155000	311	0.2587	0.1694	0.1178	0.2626	0.2521	0.1755	0.104	0.152	0.1027	10.432	5.554	2.516	0.167	0.75	1.333333333	1.358	0.736377025	1.473	1.167	0.856898029	95861.45	88475.845	1.083475948	10899
Chromosome_1_RagTag	119380000	119390000	13.84787879	7.07e-10	7.07e-10	0	0	0	0	0	0	0	0	119385000	172	0.0738	0.0973	0.0655	0.1043	0.0939	0.1068	0.1011	0.1495	0.1384	4.942	6.816	5.879	1	0.565	1.769911504	0.319	3.134796238	1	1	1	104873.1	104873.1	1	11222
Chromosome_1_RagTag	119390000	119400000	13.29393939	8.8e-10	8.8e-10	0	0	0	0	0	0	0	0	119395000	183	0.0689	0.1009	0.0535	0.105	0.0833	0.0928	0.1081	0.1557	0.0957	6.255	7.019	5.126	1	0.565	1.769911504	0.632	1.582278481	0.726	1	1	76132.689	104873.1	0.725950592	11223
Chromosome_1_RagTag	119400000	119410000	17.31545455	9.23e-10	9.23e-10	0	0	0	0	0	0	0	0	119405000	175	0.0748	0.1096	0.0534	0.1132	0.0961	0.1064	0.1045	0.2039	0.1382	6.806	7.416	5.995	1.57	0.887	1.127395716	1.092	0.915750916	1.096	1.285	0.778210117	75220.295	87993.811	0.8548362	11224
Chromosome_1_RagTag	119430000	119440000	13.6269697	8.78e-10	8.78e-10	0	0	0	0	0	0	0	0	119435000	152	0.0717	0.092	0.0462	0.1084	0.0912	0.117	0.1426	0.2202	0.267	8.11	8.928	7.032	1.423	0.804	1.243781095	0.57	1.754385965	0.804	1.423	0.702740689	59253.4	104873.1	0.565000939	11227
Chromosome_1_RagTag	119440000	119450000	14.33878788	8.78e-10	8.78e-10	0	0	0	0	0	0	0	0	119445000	160	0.0748	0.105	0.0612	0.1268	0.0943	0.1217	0.1739	0.1645	0.1943	7.665	10.875	7.355	1.755	0.991	1.009081736	0.617	1.620745543	0.991	1.755	0.56980057	59253.4	104873.1	0.565000939	11228
Chromosome_1_RagTag	119880000	119890000	13.84060606	8.67e-10	8.67e-10	0	0	0	0	0	0	0	0	119885000	124	0.0429	0.0911	0.0835	0.1068	0.089	0.1129	0.2335	0.1646	0.1289	3.963	5.924	10.7	0.974	0.622	1.607717042	0.107	9.345794393	0.6	1.062	0.941619586	59253.4	104873.1	0.565000939	11272
Chromosome_1_RagTag	119890000	119900000	13.90939394	8.67e-10	8.67e-10	0	0	0	0	0	0	0	0	119895000	130	0.029	0.1244	0.107	0.1303	0.1004	0.129	0.2639	0.1824	0.0549	7.051	5.14	9.206	0.7	0.996	1.004016064	0.125	8	0.7	1.239	0.807102502	59253.4	104873.1	0.565000939	11273
Chromosome_1_RagTag	119900000	119910000	13.86545455	1.02e-9	NA	2	2	0.65	2	0	0	0	0	119905000	164	0.0583	0.0799	0.1306	0.229	0.1335	0.2136	0.5425	0.165	0.334	11.005	7.126	8.531	0.804	0.649	1.540832049	0.428	2.336448598	0.83	2.517	0.397298371	61990.582	169683.781	0.365330037	11274
Chromosome_1_RagTag	122660000	122670000	14.43666667	1.44e-9	NA	0	0	0.069	3	0	0	0	2	122665000	143	0.0332	0.0775	0.0902	0.1724	0.0853	0.1711	0.5205	0.1539	0.3411	13.693	4.372	11.729	0.635	1	1	0.18	5.555555556	0.659	1	1	69077.287	104873.1	0.65867498	11550
Chromosome_1_RagTag	122670000	122680000	13.5230303	1.44e-9	NA	0	0	0	0	0	0	0	0	122675000	108	0.0499	0.0985	0.1214	0.1709	0.1736	0.1318	0.4009	0.3285	0.0898	6.269	5.229	11.924	0.952	1.685	0.59347181	0.303	3.300330033	1.554	1.624	0.615763547	97117.751	101223.524	0.959438549	11551
Chromosome_1_RagTag	122680000	122690000	13.78272727	1.33e-9	NA	0	0	0	0	0	0	0	0	122685000	140	0.0333	0.0918	0.1096	0.0967	0.1305	0.1335	0.2186	0.2796	0.1395	4.959	5.579	11.426	0.913	0.927	1.078748652	0.29	3.448275862	1.631	1.616	0.618811881	106485.588	104873.1	1.015375611	11552
Chromosome_1_RagTag	122690000	122700000	13.84333333	9.01e-10	9.01e-10	0	0	0	0	0	0	0	0	122695000	118	0.0451	0.136	0.1243	0.1376	0.151	0.1555	0.2105	0.2707	0.0897	3.779	5.078	10.489	1.117	1.294	0.772797527	0.235	4.255319149	1.131	1.308	0.764525994	94380.569	104873.1	0.899950216	11553
Chromosome_1_RagTag	128290000	128300000	13.54	6.71e-10	6.71e-10	0	0	0	0	0	0	0	0	128295000	194	0.0963	0.1086	0.0917	0.1289	0.1302	0.1069	0.1171	0.1625	0.0334	1.813	3.219	6.767	0.922	1	1	0.582	1.718213058	1	1	1	104873.1	104873.1	1	12113
Chromosome_1_RagTag	128630000	128640000	13.74787879	1.17e-9	1.17e-9	0	0	0	0	0	0	0	0	128635000	208	0.1257	0.1516	0.1016	0.1521	0.156	0.1521	0.0474	0.1597	0.0942	2.936	8.232	4.52	0.942	0.631	1.584786054	0.777	1.287001287	1	0.935	1.069518717	177435.06	165341.4	1.073143568	12147
Chromosome_1_RagTag	137790000	137800000	12.43212121	1.26e-9	NA	0	0	0	0	0	0	0	0	137795000	129	0.0927	0.1046	0.0679	0.1743	0.1158	0.1439	0.2825	0.1851	0.2569	10.562	2.995	4.106	0.502	1.579	0.633312223	1.023	0.977517107	1.085	0.891	1.122334456	42733.144	33440.5	1.277885917	13059
Chromosome_1_RagTag	137800000	137810000	14.04151515	1.3e-9	1.3e-9	0	0	0	0	0	0	0	0	137805000	146	0.1189	0.1026	0.0909	0.1952	0.1636	0.1709	0.2809	0.2224	0.2795	8.856	6.94	5.42	0.182	0.542	1.84501845	0.863	1.158748552	1.054	0.991	1.009081736	113073.287	106913.321	1.05761645	13060
Chromosome_1_RagTag	137860000	137870000	13.61848485	5.39e-10	NA	0	0	0	0	0	0	0	0	137865000	158	0.1134	0.0574	0.1542	0.125	0.197	0.2206	0.1921	0.1889	0.3398	8.713	6.811	5.175	0.18	0.378	2.645502646	0.726	1.377410468	0.947	1	1	99292.586	104873.1	0.946787937	13066
Chromosome_1_RagTag	137890000	137900000	13.83606061	1.36e-9	NA	0	0	0	0	0	0	0	0	137895000	122	0.069	0.0501	0.0867	0.1153	0.1123	0.1364	0.3246	0.1801	0.3254	11.277	7.019	7.592	0.318	1	1	0.318	3.144654088	1.154	1.323	0.755857899	68377.34	78413.674	0.872007859	13069
Chromosome_1_RagTag	137900000	137910000	13.42181818	1.36e-9	NA	0	0	0	0	0	0	0	0	137905000	90	0.0718	0.0473	0.0701	0.0981	0.0999	0.0737	0.2497	0.1705	0.1116	10.718	6.874	8.782	0.318	0.662	1.510574018	0.318	3.144654088	1	1	1	59253.4	59253.4	1	13070
Chromosome_1_RagTag	137910000	137920000	14.02212121	1.36e-9	NA	0	0	0	0	0	0	0	0	137915000	99	0.0519	0.0634	0.096	0.143	0.1337	0.1056	0.4316	0.2809	0.1369	10.533	5.941	9.999	0.318	0.809	1.236093943	0.318	3.144654088	1	1	1	59253.4	59253.4	1	13071
Chromosome_1_RagTag	137920000	137930000	14.38060606	1.36e-9	NA	0	0	0	0	0	0	0	0	137925000	98	0.0684	0.0455	0.0972	0.1207	0.1165	0.1044	0.3644	0.1667	0.1819	11.055	4.191	8.34	0.318	0.804	1.243781095	0.318	3.144654088	1	1	1	59253.4	59253.4	1	13072
Chromosome_1_RagTag	139570000	139580000	13.5230303	1.41e-9	1.41e-9	0	0	0	0	0	0	0	0	139575000	220	0.2328	0.1638	0.0894	0.2275	0.2242	0.1358	0.0702	0.1727	0.0366	2.624	2.971	3.929	0.991	0.907	1.102535832	1.075	0.930232558	0.991	1.068	0.936329588	148410.276	156472.716	0.948473828	13237
Chromosome_10_RagTag	200000	210000	14.19787879	2.24e-9	2.24e-9	0	0	0	0	0	0	0	0	205000	203	0.1393	0.2089	0.1731	0.2619	0.2495	0.2008	0.2056	0.2283	0.0253	2.896	3.53	8.309	0.821	1.145	0.873362445	0.254	3.937007874	1.335	0.981	1.019367992	196098.497	117358.583	1.67093443	14908
Chromosome_10_RagTag	440000	450000	13.70666667	5.99e-9	5.99e-9	0	0	0	0	0	0	0	0	445000	403	0.112	0.2071	0.1455	0.2114	0.184	0.1994	0.1429	0.1749	0.0631	2.528	3.448	5.178	1.447	0.795	1.257861635	0.662	1.510574018	1.051	1.18	0.847457627	146013.101	145585.394	1.002937843	14932
Chromosome_10_RagTag	8080000	8090000	14.07757576	3.83e-9	3.83e-9	0	0	0	0	0	0	0	0	8085000	381	0.0913	0.2338	0.1441	0.2291	0.1715	0.2456	0.1736	0.1824	0.1345	3.648	3.593	4.981	0.94	0.866	1.154734411	0.626	1.597444089	0.938	1.326	0.754147813	171183.412	211441.565	0.809601518	15696
Chromosome_10_RagTag	14660000	14670000	14.03151515	9.39e-10	9.39e-10	0	0	0	0	0	0	0	0	14665000	184	0.0303	0.0994	0.0953	0.1157	0.0994	0.11	0.2868	0.2152	0.0614	5.115	3.851	11.572	1.377	1	1	0.439	2.277904328	0.841	1.377	0.726216412	68448.88	104873.1	0.652682909	16353
Chromosome_10_RagTag	14670000	14680000	13.94939394	9.39e-10	9.39e-10	0	0	0	0	0	0	0	0	14675000	186	0.0267	0.0969	0.0991	0.0965	0.088	0.1051	0.2236	0.1573	0.0351	4.536	3.873	9.485	1.196	1.196	0.836120401	0.381	2.624671916	0.442	1.196	0.836120401	38620.965	104873.1	0.368263787	16354
Chromosome_10_RagTag	14680000	14690000	13.22181818	9.08e-11	9.08e-11	0	0	0	0	0	0	0	0	14685000	181	0.0538	0.1315	0.0933	0.1405	0.1024	0.1382	0.2092	0.1598	0.1052	4.9	5.481	8.79	1	1	1	0.319	3.134796238	0.329	1	1	34473.016	104873.1	0.32871171	16355
Chromosome_10_RagTag	14690000	14700000	13.80848485	9.08e-11	9.08e-11	0	0	0	0	0	0	0	0	14695000	193	0.0465	0.1381	0.1216	0.1327	0.1171	0.1689	0.1832	0.1573	0.1324	3.323	5.034	8.375	1.246	1	1	0.319	3.134796238	0.469	1	1	49155.672	104873.1	0.468715734	16356
Chromosome_10_RagTag	14700000	14710000	13.89424242	9.08e-11	9.08e-11	0	0	0	0	0	0	0	0	14705000	172	0.0478	0.1103	0.1275	0.1356	0.1273	0.1481	0.2685	0.1765	0.1091	2.983	5.61	9.829	1	1	1	0.319	3.134796238	0.904	1	1	94836.766	104873.1	0.904300207	16357
Chromosome_10_RagTag	14710000	14720000	14.01848485	9.08e-11	9.08e-11	0	0	0	0	0	0	0	0	14715000	196	0.0689	0.1168	0.1059	0.1516	0.1276	0.1351	0.2451	0.1834	0.0974	3.492	4.918	8.079	1.223	1	1	0.319	3.134796238	1	1	1	104873.1	104873.1	1	16358
Chromosome_10_RagTag	17880000	17890000	14.03393939	5.23e-10	5.23e-10	0	0	0	0	0	0	0	0	17885000	187	0.0501	0.0952	0.0992	0.1343	0.10780000000000001	0.1086	0.3034	0.1762	0.0557	3.86	3.12	9.123	1.038	1.038	0.963391137	0.587	1.703577513	0.656	1.038	0.963391137	66552.552	104873.1	0.634600789	16675
Chromosome_10_RagTag	18250000	18260000	14.21	1.35e-9	1.35e-9	0	0	0	0	0	0	0	0	18255000	228	0.1146	0.1459	0.0673	0.1464	0.1331	0.1198	0.0598	0.1944	0.0613	2.102	5.551	4.257	1.752	0.235	4.255319149	1.083	0.923361034	1.56	0.492	2.032520325	231093.98	80714.897	2.863089573	16712
Chromosome_10_RagTag	18260000	18270000	14.10090909	1.35e-9	1.35e-9	0	0	0	0	0	0	0	0	18265000	282	0.2246	0.2262	0.0808	0.2366	0.2186	0.1865	0.0248	0.1877	0.1033	1.667	6.33	3.314	3.284	0.372	2.688172043	2.378	0.420521447	2.912	1.007	0.993048659	252457.02	87137.685	2.897219728	16713
Chromosome_10_RagTag	24310000	24320000	12.11	1.4e-9	1.4e-9	0	0	0	0	0	0	0	0	24315000	260	0.0683	0.186	0.1029	0.1891	0.124	0.1678	0.2	0.1801	0.0778	3.663	3.37	5.839	1.273	0.864	1.157407407	0.676	1.479289941	0.973	1.062	0.941619586	122323.364	103143.103	1.185957766	17307
Chromosome_10_RagTag	24350000	24360000	14.23393939	3.75e-9	3.75e-9	0	0	0	0	0	0	0	0	24355000	282	0.0416	0.1648	0.0981	0.1491	0.0984	0.1501	0.1858	0.1632	0.0685	3.805	4.147	5.522	3.33	0.873	1.145475372	0.143	6.993006993	0.753	2.212	0.452079566	63314.661	125835.447	0.503154417	17311
Chromosome_10_RagTag	24600000	24610000	14.03545455	2.22e-9	2.22e-9	0	0	0	0	0	0	0	0	24605000	178	0.0348	0.161	0.0896	0.1742	0.0871	0.1639	0.2855	0.1596	0.1383	3.516	3.696	8.702	2.77	0.962	1.03950104	0.088	11.36363636	0.904	2.836	0.352609309	33440.5	104873.1	0.318866325	17336
Chromosome_10_RagTag	24610000	24620000	14.2869697	2.22e-9	2.22e-9	0	0	0	0	0	0	0	0	24615000	200	0.0501	0.1494	0.1191	0.162	0.118	0.1635	0.2424	0.1585	0.0998	3.941	4.73	9.529	1.104	0.608	1.644736842	0.03	33.33333333	0.792	1.086	0.920810313	96986.694	122610.507	0.791014542	17337
Chromosome_10_RagTag	24780000	24790000	12.0669697	2.09e-10	2.09e-10	0	0	0	0	0	0	0	0	24785000	214	0.0133	0.1484	0.0329	0.1301	0.0319	0.1242	0.238	0.1536	0.1685	10.232	5.299	7.597	0.316	1	1	0.085	11.76470588	0.176	2.944	0.339673913	5894.3	98444.166	0.059874549	17354
Chromosome_11_RagTag	14040000	14050000	13.64818182	9.79e-10	9.79e-10	0	0	0	0	0	0	0	0	14045000	215	0.0753	0.1442	0.108	0.1664	0.1451	0.1409	0.2094	0.2225	0.0568	4.236	3.016	7.21	0.874	2.297	0.435350457	0.138	7.246376812	1.301	1.229	0.81366965	63502.253	61299.214	1.035939107	18798
Chromosome_11_RagTag	22430000	22440000	14.26333333	1.55e-9	NA	0	0	0	1	0	0	0	1	22435000	75	0.0448	0.0647	0.0518	0.1656	0.0748	0.1365	0.5092	0.2145	0.4062	14.036	5.288	11.101	0.318	1	1	0.564	1.773049645	1	1.739	0.575043128	59253.422	103048.334	0.575006113	19508
Chromosome_12_RagTag	6000000	6010000	13.67545455	3.03e-9	3.03e-9	0	0	0	0	0	0	0	0	6005000	251	0.0487	0.1443	0.1292	0.1213	0.1399	0.1485	0.1165	0.2136	0.0417	2.862	3.942	9.109	0.987	0.885	1.129943503	0.086	11.62790698	1.045	1.154	0.866551127	133091.64	141641.882	0.93963479	20098
Chromosome_12_RagTag	6010000	6020000	14.21878788	1.65e-9	1.65e-9	0	0	0	0	0	0	0	0	6015000	228	0.0411	0.1108	0.0829	0.1124	0.091	0.1108	0.1975	0.1838	0.0686	2.753	3.001	9.093	1.04	0.962	1.03950104	0.144	6.944444444	1.335	1.049	0.953288847	143226.16	107641.884	1.330580204	20099
Chromosome_12_RagTag	9170000	9180000	13.88030303	1.04e-9	1.04e-9	0	0	0	0	0	0	0	0	9175000	223	0.0871	0.1372	0.1162	0.1335	0.1491	0.1469	0.0887	0.1869	0.0748	3.214	4.953	8.611	1.068	0.652	1.533742331	0.194	5.154639175	0.946	0.848	1.179245283	163728.912	149216.52	1.097257274	20415
Chromosome_12_RagTag	9180000	9190000	14.46242424	1.04e-9	1.04e-9	0	0	0	0	0	0	0	0	9185000	215	0.0753	0.1067	0.1064	0.1381	0.1345	0.1193	0.2096	0.1912	0.0568	3.365	4.608	10.587	1	0.996	1.004016064	0.256	3.90625	1.431	0.996	1.004016064	150829.008	104873.1	1.4382049160000001	20416
Chromosome_12_RagTag	9300000	9310000	13.88606061	8.91e-10	8.91e-10	0	0	0	0	0	0	0	0	9305000	198	0.1301	0.1028	0.101	0.1493	0.1568	0.1256	0.1263	0.1541	0.1049	3.386	7.096	5.186	1.316	0.743	1.34589502	1.092	0.915750916	0.912	0.866	1.154734411	77851.327	72026.916	1.080864367	20428
Chromosome_12_RagTag	12060000	12070000	13.45575758	2.71e-9	2.71e-9	0	0	0	0	0	0	0	0	12065000	269	0.19	0.2176	0.0858	0.2104	0.1893	0.186	0.0164	0.1646	0.1075	2.487	4.169	2.395	1.746	0.785	1.27388535	1.687	0.592768228	0.961	0.986	1.014198783	59455.121	59253.4	1.003404378	20704
Chromosome_12_RagTag	15030000	15040000	14.0569697	1.11e-9	1.11e-9	0	0	0	0	0	0	0	0	15035000	215	0.2554	0.1497	0.152	0.288	0.2923	0.1592	0.1779	0.1844	0.0271	2.956	3.005	6.771	0.796	0.773	1.293661061	1.029	0.971817298	1.347	0.786	1.272264631	170216.882	87622.866	1.942608017	21001
Chromosome_12_RagTag	15040000	15050000	13.80545455	1.31e-9	1.31e-9	0	0	0	0	0	0	0	0	15045000	182	0.091	0.1483	0.2002	0.1488	0.2034	0.1828	0.1112	0.1599	0.0237	1.584	2.743	6.373	0.946	0.98	1.020408163	0.555	1.801801802	0.996	1.064	0.939849624	53699.757	56298.932	0.953832606	21002
Chromosome_13_RagTag	12890000	12900000	13.86121212	1.14e-9	1.14e-9	0	0	0	0	0	0	0	0	12895000	159	0.0396	0.1258	0.0932	0.1227	0.0932	0.1244	0.1986	0.1617	0.0651	5.351	3.474	7.309	1	1	1	0.367	2.72479564	1	1	1	59253.4	59253.4	1	22853
Chromosome_13_RagTag	12940000	12950000	14.11242424	1.58e-9	1.58e-9	0	0	0	0	0	0	0	0	12945000	164	0.0414	0.1402	0.0888	0.145	0.0898	0.1377	0.2344	0.1542	0.0949	4.627	3.986	9.987	1.023	0.917	1.090512541	0.178	5.617977528	1	1	1	59253.4	59253.4	1	22858
Chromosome_13_RagTag	12990000	13000000	14.17333333	1.06e-9	1.06e-9	0	0	0	0	0	0	0	0	12995000	156	0.0966	0.1062	0.0903	0.1543	0.1324	0.1082	0.211	0.1738	0.0488	4.393	3.309	7.315	1	0.991	1.009081736	0.42	2.380952381	1.008	1.015	0.985221675	59709.597	60165.794	0.992417668	22863
Chromosome_13_RagTag	15150000	15160000	13.79090909	2.44e-9	2.44e-9	0	0	0	0	0	0	0	0	15155000	207	0.0968	0.1466	0.1593	0.1943	0.1969	0.159	0.2341	0.2075	0.0194	2.618	2.786	9.167	1.427	0.959	1.042752868	0.27	3.703703704	0.951	1.183	0.845308538	141508.912	145797.247	0.970586996	23079
Chromosome_14_RagTag	1540000	1550000	14.22393939	9.26e-10	NA	0	0	0	0	0	0	0	0	1545000	68	0.0782	0.1081	0.0901	0.1804	0.1149	0.1454	0.3243	0.154	0.1918	9.836	5.203	9.776	0.678	1	1	0.176	5.681818182	1	1.625	0.615384615	33440.5	54348.949	0.615292487	23780
Chromosome_14_RagTag	2640000	2650000	13.1469697	5.57e-9	5.57e-9	0	0	0	0	0	0	0	0	2645000	233	0.1048	0.1165	0.097	0.1837	0.1374	0.1519	0.253	0.1542	0.1767	5.487	6.448	6.161	1.128	0.408	2.450980392	0.572	1.748251748	0.932	1.297	0.771010023	162209.318	190370.774	0.852070486	23886
Chromosome_14_RagTag	2650000	2660000	13.67909091	3.25e-9	3.25e-9	0	0	0	0	0	0	0	0	2655000	198	0.1092	0.1938	0.1059	0.2005	0.1581	0.1939	0.1421	0.1915	0.1331	4.523	7.536	5.187	0.891	0.024	41.66666667	0.717	1.394700139	1.015	0.908	1.101321586	145991.544	133635.733	1.092458886	23887
Chromosome_14_RagTag	2690000	2700000	13.23484848	9.34e-10	9.34e-10	0	0	0	0	0	0	0	0	2695000	170	0.1103	0.1226	0.0936	0.2011	0.1488	0.2023	0.2717	0.1894	0.3084	9.712	7.226	6.415	0.63	0.101	9.900990099	0.469	2.132196162	0.815	1	1	85448.81	104873.1	0.814782914	23891
Chromosome_14_RagTag	3570000	3580000	14.65393939	1.96e-9	1.96e-9	0	0	0	0	0	0	0	0	3575000	128	0.0498	0.0971	0.1027	0.1051	0.1055	0.1256	0.1808	0.1558	0.1142	6.095	4.536	8.527	1.291	1.208	0.82781457	0.174	5.747126437	1.015	1.1	0.909090909	65183.961	70202.128	0.928518306	23918
Chromosome_14_RagTag	3650000	3660000	14.58333333	1.97e-9	1.97e-9	0	0	0	0	0	0	0	0	3655000	157	0.0553	0.1105	0.1465	0.1416	0.1383	0.1381	0.2663	0.1496	0.0357	4.736	2.664	7.295	0.991	1	1	0.643	1.555209953	0.978	1	1	102592.115	104873.1	0.978250047	23926
Chromosome_14_RagTag	13110000	13120000	13.76606061	4.76e-9	4.76e-9	0	0	0	0	0	0	0	0	13115000	338	0.1856	0.121	0.1523	0.2351	0.2312	0.1401	0.2149	0.158	0.0126	2.674	2.163	5.336	0.788	0.821	1.218026797	1.652	0.605326877	3.513	0.837	1.19474313	257234.869	128297.613	2.004985619	24682
Chromosome_14_RagTag	19930000	19940000	14.38545455	8.09e-10	8.09e-10	0	0	0	0	0	0	0	0	19935000	113	0.1284	0.0929	0.1248	0.1854	0.1756	0.171	0.2573	0.1629	0.2195	8.462	6.806	5.081	0.034	0.501	1.996007984	0.034	29.41176471	1.593	1.399	0.714796283	92076.439	84157.646	1.094094754	25364
Chromosome_14_RagTag	19940000	19950000	13.47545455	6.49e-10	6.49e-10	0	0	0	0	0	0	0	0	19945000	101	0.1222	0.067	0.1305	0.1918	0.1759	0.1413	0.3448	0.1639	0.172	8.648	7.267	6.053	0.005	0.325	3.076923077	0.017	58.82352941	0.819	1	1	85932.772	104873.1	0.819397653	25365
Chromosome_14_RagTag	20070000	20080000	13.98515152	9.58e-10	NA	0	0	0	0	0	0	0	0	20075000	55	0.0596	0.0881	0.0711	0.2704	0.0941	0.2493	0.5771	0.1795	0.5207	13.216	5.881	6.844	0.078	0.824	1.213592233	0.286	3.496503497	0.905	2.387	0.418935903	33440.5	89818.599	0.37231153	25378
Chromosome_14_RagTag	20080000	20090000	14.12424242	9.58e-10	NA	0	0	0	0	0	0	0	0	20085000	75	0.0463	0.0776	0.1258	0.2584	0.1327	0.2411	0.6194	0.2045	0.4006	14.454	6.502	7.757	0.017	0.18	5.555555556	0.101	9.900990099	0.319	1	1	33440.5	104873.1	0.318866325	25379
Chromosome_14_RagTag	20090000	20100000	14.47606061	9.58e-10	NA	0	0	0	0	0	0	0	0	20095000	89	0.0503	0.0873	0.0872	0.3478	0.104	0.3666	0.6754	0.1993	0.6167	13.482	6.703	7.184	0.017	0.18	5.555555556	0.101	9.900990099	0.319	1.646	0.607533414	33440.5	172597.596	0.193748353	25380
Chromosome_14_RagTag	20100000	20110000	14.53878788	9.58e-10	NA	0	0	0	0	0	0	0	0	20105000	94	0.0603	0.1404	0.083	0.2131	0.1063	0.2037	0.3655	0.192	0.2998	11.058	6.42	6.897	0.019	0.387	2.583979328	0.101	9.900990099	0.516	1.008	0.992063492	54155.954	105679.344	0.512455433	25381
Chromosome_14_RagTag	20140000	20150000	13.88727273	8.2e-10	NA	0	0	0	0	0	0	0	0	20145000	77	0.0633	0.1097	0.0914	0.1727	0.1066	0.1664	0.3383	0.1567	0.2498	9.212	6.3	6.905	0.052	0.295	3.389830508	0.176	5.681818182	1	2.922	0.342231348	33440.5	97729.84	0.342172872	25385
Chromosome_14_RagTag	20190000	20200000	14.5	7.94e-10	NA	0	0	0	0	0	0	0	0	20195000	67	0.08	0.0815	0.1419	0.2548	0.1613	0.2148	0.5249	0.1803	0.3093	11.93	5.663	8.174	0.03	0.659	1.517450683	0.1	10	0.564	1	1	33440.5	59253.4	0.564364239	25389
Chromosome_14_RagTag	20220000	20230000	14.33	1.29e-9	NA	0	0	0	0	0	0	0	0	20225000	74	0.0817	0.0465	0.1473	0.1764	0.1612	0.1647	0.4732	0.1649	0.2476	11.247	6.447	6.904	0.097	0.934	1.070663812	0.176	5.681818182	0.956	1.386	0.721500722	31979.93	46346.95	0.690011533	25392
Chromosome_14_RagTag	20240000	20250000	14.03454545	1.29e-9	NA	0	0	0	3	0	0	0	3	20245000	67	0.0782	0.0487	0.1426	0.2111	0.1542	0.2291	0.5441	0.1611	0.3971	11.247	6.84	6.63	0.316	0.991	1.009081736	0.112	8.928571429	0.581	1	1	19419.028	33440.5	0.580703877	25394
Chromosome_14_RagTag	20250000	20260000	13.90878788	1.36e-9	NA	0	0	0	2	0	0	0	2	20255000	60	0.0935	0.0421	0.1391	0.2153	0.1609	0.2161	0.5274	0.1581	0.394	11.247	7.031	6.317	0.316	0.913	1.095290252	0.097	10.30927835	0.913	1	1	30519.36	33440.5	0.912646641	25395
Chromosome_15_RagTag	11120000	11130000	13.08181818	4.67e-9	4.67e-9	0	0	0	0	0	0	0	0	11125000	329	0.1438	0.1644	0.1714	0.2083	0.2168	0.1794	0.1529	0.1573	0.0331	2.113	2.563	6.029	0.891	1.011	0.989119683	0.451	2.2172949	1.015	0.932	1.072961373	126048.03	95369.299	1.321683512	26412
Chromosome_15_RagTag	14880000	14890000	14.02636364	5.59e-9	5.59e-9	0	0	0	0	0	0	0	0	14885000	391	0.1013	0.2086	0.135	0.196	0.1763	0.1971	0.1196	0.1955	0.0706	2.251	3.24	5.108	1.336	1.141	0.876424189	0.637	1.569858713	1.2	1.409	0.709723208	253834.926	254513.286	0.997334677	26788
Chromosome_15_RagTag	19100000	19110000	14.19757576	1.38e-9	1.38e-9	0	0	0	0	0	0	0	0	19105000	161	0.1109	0.0751	0.1191	0.1744	0.1611	0.1232	0.3097	0.1669	0.1157	5.168	8.265	8.745	0.948	0.565	1.769911504	0.437	2.288329519	0.73	1	1	76588.886	104873.1	0.730300582	27210
Chromosome_16_RagTag	1780000	1790000	14.16212121	2.65e-9	2.65e-9	0	0	0	0	0	0	0	0	1785000	251	0.0593	0.173	0.0849	0.1621	0.1027	0.1456	0.1686	0.1723	0.0638	3.063	3.694	6.635	1.591	0.888	1.126126126	0.536	1.865671642	0.913	1.266	0.789889415	112935.54	161934.38	0.697415459	27271
Chromosome_16_RagTag	13030000	13040000	13.9969697	5.32e-9	5.32e-9	0	0	0	0	0	0	0	0	13035000	303	0.0485	0.1641	0.1422	0.1463	0.1315	0.1615	0.1617	0.1519	0.0271	2.214	2.225	8.296	1.614	1.044	0.957854406	0.076	13.15789474	0.777	1.335	0.74906367	134830.491	172202.36	0.782977022	28395
Chromosome_16_RagTag	17490000	17500000	13.60787879	1.61e-9	1.61e-9	0	0	0	0	0	0	0	0	17495000	159	0.0488	0.1084	0.1117	0.1313	0.1149	0.1199	0.2558	0.1707	0.0429	3.623	2.91	9.354	1	0.735	1.360544218	0.056	17.85714286	0.8	0.948	1.054852321	83888.038	99398.736	0.843954776	28841
Chromosome_16_RagTag	17500000	17510000	13.72757576	1.61e-9	1.61e-9	0	0	0	0	0	0	0	0	17505000	155	0.0338	0.1465	0.0816	0.2101	0.0796	0.1955	0.4056	0.15310000000000001	0.2712	6.588	4.948	9.335	1.569	0.957	1.044932079	0.095	10.52631579	0.957	3.13	0.319488818	59253.4	190040.063	0.311794256	28842
Chromosome_17_RagTag	130000	140000	14.00909091	1.1e-9	NA	0	0	0	0	0	0	0	0	135000	94	0.0402	0.0966	0.1199	0.1736	0.1167	0.1327	0.4411	0.1778	0.1006	5.081	1.597	7.871	1	1	1	0.234	4.273504274	1	1	1	59253.4	59253.4	1	28867
Chromosome_17_RagTag	12530000	12540000	14.03090909	5.22e-9	5.22e-9	0	0	0	0	0	0	0	0	12535000	312	0.1045	0.1993	0.1314	0.2057	0.1666	0.1893	0.1536	0.1694	0.0695	2.675	3.887	5.561	1.815	0.782	1.278772379	0.688	1.453488372	0.877	1.188	0.841750842	119743.861	154277.396	0.776159464	29914
Chromosome_17_RagTag	13860000	13870000	14.21878788	1.18e-9	NA	0	0	0	0	0	0	0	0	13865000	74	0.121	0.0501	0.067	0.1115	0.1688	0.159	0.1348	0.2932	0.4583	12.491	13.252	6.302	0.352	0.1	10	1	1	1	1	1	59253.4	59253.4	1	29964
Chromosome_17_RagTag	13870000	13880000	14.21909091	1.18e-9	NA	0	0	0	0	0	0	0	0	13875000	73	0.1158	0.0771	0.0843	0.1172	0.1573	0.1485	0.0996	0.227	0.2956	7.925	11.355	3.061	0.704	0.1	10	1	1	1	1	1	59253.4	59253.4	1	29965
Chromosome_17_RagTag	13880000	13890000	13.58575758	1.18e-9	NA	0	0	0	0	0	0	0	0	13885000	85	0.0931	0.0657	0.0774	0.0944	0.115	0.0934	0.0882	0.1507	0.1315	5.384	5.405	2.338	0.708	0.835	1.19760479	1	1	1	1	1	59253.406	59253.406	1	29966
Chromosome_18_RagTag	13520000	13530000	14.20515152	2.95e-9	2.95e-9	0	0	0	0	0	0	0	0	13525000	299	0.0986	0.174	0.1427	0.1776	0.1642	0.1646	0.1345	0.1506	0.0197	2.097	2.968	7.778	1.835	2.007	0.498256104	0.801	1.248439451	1.155	2.299	0.434971727	69327.779	137128.05	0.505569641	31366
Chromosome_19_RagTag	720000	730000	13.65121212	NA	NA	0	0	0	1	0	0	0	1	725000	59	0.0565	0.0526	0.1366	0.1511	0.1635	0.1534	0.4759	0.2484	0.2281	14.733	5.969	11.161	0.04	1	1	0.558	1.792114695	1	1	1	10570.446	10570.446	1	31572
Chromosome_19_RagTag	780000	790000	14.39030303	1.23e-9	NA	0	0	0.038	1	0	0	0	0	785000	52	0.0296	0.0452	0.0822	0.176	0.1139	0.1313	0.6553	0.3293	0.3394	15.287	8.37	11.736	0.166	1	1	0.307	3.25732899	1	1	1	10570.4	10570.41	0.999999054	31575
Chromosome_19_RagTag	790000	800000	14.29969697	1.2e-9	NA	0	0	0.038	2	0	0	0	0	795000	59	0.0676	0.0386	0.0937	0.201	0.136	0.1545	0.5882	0.2525	0.389	14.991	8.58	12.891	0.401	1	1	0.307	3.25732899	1	1	1	10570.4	10570.4	1	31576
Chromosome_19_RagTag	870000	880000	14.18484848	8.68e-10	NA	0	0	0	0	0	0	0	0	875000	66	0.0511	0.0387	0.0805	0.1755	0.0967	0.1687	0.5987	0.1862	0.4678	15.221	8.953	11.941	1	1	1	1	1	1	5.606	0.178380307	10570.5	59253.5	0.178394525	31581
Chromosome_19_RagTag	5550000	5560000	12.80393939	5.55e-9	5.55e-9	0	0	0	0	0	0	0	0	5555000	287	0.1334	0.205	0.121	0.1868	0.1736	0.1953	0.0505	0.1558	0.0935	2.168	2.573	2.978	1.275	0.843	1.18623962	0.654	1.529051988	0.961	0.972	1.028806584	152481.435	146510.488	1.0407544	32031
Chromosome_19_RagTag	12720000	12730000	13.4269697	1.09e-9	1.09e-9	0	0	0	0	0	0	0	0	12725000	142	0.0812	0.1364	0.0699	0.1457	0.105	0.1515	0.1479	0.165	0.1972	5.6	6.975	5.544	1.419	0.961	1.040582726	0.74	1.351351351	0.987	1.454	0.687757909	76588.886	104873.1	0.730300582	32748
Chromosome_19_RagTag	12730000	12740000	13.24363636	1.09e-9	1.09e-9	0	0	0	0	0	0	0	0	12735000	149	0.0915	0.085	0.0657	0.1228	0.1155	0.1309	0.1672	0.194	0.2735	7.573	10.116	5.47	0.565	0.565	1.769911504	0.591	1.692047377	0.756	1	1	79326.068	104873.1	0.756400526	32749
Chromosome_19_RagTag	12740000	12750000	14.01545455	1.09e-9	1.09e-9	0	0	0	0	0	0	0	0	12745000	134	0.0883	0.1152	0.0826	0.1324	0.1229	0.1625	0.1339	0.1809	0.2483	9.128	9.001	6.702	0.843	0.835	1.19760479	0.538	1.858736059	1.094	1.072	0.932835821	75676.492	76588.886	0.988087123	32750
Chromosome_19_RagTag	12750000	12760000	14.32272727	1.12e-9	NA	0	0	0	0	0	0	0	0	12755000	107	0.0739	0.0971	0.075	0.1214	0.1063	0.1219	0.1772	0.1769	0.1751	8.705	7.211	6.733	0.773	1	1	0.579	1.727115717	1	1	1	59253.4	59253.4	1	32751
Chromosome_19_RagTag	12770000	12780000	14.30757576	1.12e-9	NA	0	0	0	0	0	0	0	0	12775000	101	0.0785	0.0898	0.0743	0.1021	0.1032	0.107	0.0986	0.1505	0.1338	4.544	6.28	6.546	0.564	1	1	0.638	1.567398119	1	1	1	59253.4	59253.4	1	32753
Chromosome_19_RagTag	12790000	12800000	14.479696969999999	1.07e-9	NA	0	0	0	0	0	0	0	0	12795000	119	0.0682	0.0896	0.0821	0.0885	0.102	0.1191	0.0589	0.1507	0.1635	5.008	7.953	8.033	0.743	1	1	0.156	6.41025641	1	1	1	59253.4	59253.4	1	32755
Chromosome_19_RagTag	12810000	12820000	14.11727273	9.76e-10	NA	0	0	0	0	0	0	0	0	12815000	113	0.1082	0.0777	0.0797	0.1184	0.1343	0.1466	0.123	0.1806	0.3021	7.093	9.217	6.507	0.564	0.564	1.773049645	0.482	2.074688797	1	1	1	59253.4	59253.4	1	32757
Chromosome_19_RagTag	12820000	12830000	14.41333333	5.84e-10	NA	0	0	0	0	0	0	0	0	12825000	118	0.1292	0.0598	0.0495	0.1353	0.144	0.1344	0.1816	0.2459	0.426	7.331	9.661	7.502	0.537	0.564	1.773049645	0.211	4.739336493	1	1	1	59253.4	59253.4	1	32758
Chromosome_19_RagTag	12830000	12840000	13.18666667	5.84e-10	NA	0	0	0.038	2	0	0	0	0	12835000	136	0.089	0.0619	0.0747	0.1138	0.1107	0.1455	0.2071	0.1518	0.3594	13.411	8.27	5.255	1	0.856	1.168224299	0.885	1.129943503	1	1	1	59253.4	59253.4	1	32759
Chromosome_2_RagTag	6920000	6930000	13.34878788	4.91e-9	4.91e-9	0	0	0	0	0	0	0	0	6925000	388	0.0951	0.2146	0.153	0.2126	0.1701	0.198	0.1606	0.1534	0.0381	2.03	2.975	5.085	1.124	0.946	1.057082452	0.489	2.044989775	0.901	1.24	0.806451613	150650.605	218436.208	0.689677807	33075
Chromosome_2_RagTag	9270000	9280000	14.04484848	3.79e-9	3.79e-9	0	0	0	0	0	0	0	0	9275000	412	0.1232	0.2216	0.1158	0.2155	0.1656	0.1978	0.1137	0.1629	0.0828	2.664	3.166	5.117	0.932	0.943	1.060445387	0.66	1.515151515	1.146	0.954	1.048218029	253415.396	202256.797	1.252938837	33304
Chromosome_2_RagTag	14230000	14240000	13.83939394	7.48e-10	7.48e-10	0	0	0	0	0	0	0	0	14235000	160	0.1009	0.0866	0.0577	0.1279	0.1138	0.0768	0.1575	0.1846	0.0326	2.391	3.442	5.938	1	0.713	1.402524544	0.381	2.624671916	1	1	1	104873.1	104873.1	1	33609
Chromosome_2_RagTag	15120000	15130000	14.27121212	8.8e-10	8.8e-10	0	0	0	0	0	0	0	0	15125000	262	0.1089	0.1655	0.15310000000000001	0.1436	0.1901	0.2013	0.0235	0.1816	0.1174	2.387	4.628	4.644	0.761	1.208	0.82781457	0.478	2.092050209	1.409	1.228	0.814332248	208407.444	185309.902	1.124642784	33698
Chromosome_2_RagTag	15410000	15420000	13.34969697	1.7e-9	1.7e-9	0	0	0	0	0	0	0	0	15415000	168	0.0283	0.1712	0.186	0.1235	0.1632	0.1846	0.1089	0.1933	0.0165	2.118	3.215	5.288	1.026	1.193	0.838222967	0.694	1.44092219	1.005	1.054	0.948766603	105817.091	111323.052	0.950540693	33727
Chromosome_2_RagTag	25960000	25970000	14.60636364	8.79e-10	8.79e-10	0	0	0	0	0	0	0	0	25965000	260	0.1414	0.1515	0.1495	0.2028	0.2115	0.1783	0.1646	0.1852	0.0849	3.641	4.549	5.093	0.915	0.848	1.179245283	0.693	1.443001443	0.944	1.054	0.948766603	222093.55	238218.43	0.93231052700000006	34781
Chromosome_2_RagTag	25970000	25980000	13.13181818	9.36e-10	9.36e-10	0	0	0	0	0	0	0	0	25975000	249	0.0971	0.1433	0.0984	0.1386	0.1383	0.1431	0.0727	0.1722	0.0866	2.418	5.802	4.888	1.277	0.722	1.385041551	0.95	1.052631579	0.826	1.153	0.867302689	124222.956	171791.352	0.723103664	34782
Chromosome_2_RagTag	26280000	26290000	12.9430303	1.54e-9	1.54e-9	0	0	0	0	0	0	0	0	26285000	283	0.0447	0.1325	0.0987	0.1362	0.1025	0.1315	0.2159	0.1708	0.0661	3.937	3.159	7.922	1.015	0.947	1.055966209	0.329	3.039513678	0.987	1.008	0.992063492	181466.28	184691.256	0.982538556	34813
Chromosome_2_RagTag	27460000	27470000	11.67	1.51e-9	1.51e-9	0	0	0	0	0	0	0	0	27465000	161	0.1341	0.184	0.1603	0.2114	0.2069	0.1818	0.1443	0.1675	0.0275	2.682	2.458	4.628	0.954	1	1	0.77	1.298701299	0.93	1.054	0.948766603	172597.596	195471.73	0.882979835	34931
Chromosome_2_RagTag	29800000	29810000	14.07545455	8.69e-10	8.69e-10	0	0	0	0	0	0	0	0	29805000	281	0.0389	0.2357	0.0373	0.1893	0.0564	0.1802	0.1627	0.1953	0.151	4.161	7.803	7.338	2.61	0.502	1.992031873	0.502	1.992031873	0.52	1.255	0.796812749	61078.188	163952.32	0.372536284	35165
Chromosome_2_RagTag	30350000	30360000	13.88757576	2.1e-9	2.1e-9	0	0	0	0	0	0	0	0	30355000	288	0.1093	0.1455	0.198	0.1527	0.2098	0.2354	0.0925	0.1504	0.1544	4.086	4.609	5.091	0.989	1.984	0.504032258	0.77	1.298701299	1.368	1.608	0.621890547	178120.666	205294.172	0.867636252	35220
Chromosome_2_RagTag	39620000	39630000	13.05181818	2.48e-9	2.48e-9	0	0	0	0	0	0	0	0	39625000	229	0.0726	0.2411	0.1612	0.2019	0.1923	0.241	0.1284	0.2358	0.0928	3.303	4.354	8.074	2.059	1.021	0.979431929	0.109	9.174311927	0.584	1.516	0.659630607	97834.814	141668.432	0.690590081	36147
Chromosome_2_RagTag	39630000	39640000	13.20727273	2.48e-9	2.48e-9	0	0	0	0	0	0	0	0	39635000	212	0.1254	0.2206	0.2062	0.2375	0.2318	0.2624	0.1605	0.1623	0.1038	5.021	3.874	6.967	0.638	0.828	1.207729469	0.035	28.57142857	0.955	0.936	1.068376068	106997.273	110013.753	0.972580883	36148
Chromosome_2_RagTag	40060000	40070000	13.89787879	8.42e-10	8.42e-10	0	0	0	0	0	0	0	0	40065000	204	0.0771	0.1435	0.1323	0.1663	0.1483	0.1541	0.2065	0.1681	0.0559	4.078	3.197	6.941	1.118	1	1	0.463	2.159827214	1.025	1.156	0.865051903	169758.477	171791.352	0.988166605	36191
Chromosome_2_RagTag	40070000	40080000	13.50242424	8.42e-10	8.42e-10	0	0	0	0	0	0	0	0	40075000	256	0.0632	0.1553	0.1133	0.1619	0.1253	0.1529	0.1979	0.1688	0.0661	3.595	3.601	7.286	0.956	1.003	0.997008973	0.475	2.105263158	1.295	0.972	1.028806584	172777.01	122422.87	1.41131318	36192
Chromosome_2_RagTag	40340000	40350000	13.72242424	1.39e-9	1.39e-9	0	0	0	0	0	0	0	0	40345000	241	0.0725	0.1337	0.0972	0.1307	0.1245	0.1367	0.121	0.1876	0.0862	2.214	6.584	5.062	1.27	0.824	1.213592233	0.521	1.919385797	1.013	1.315	0.760456274	148410.276	181466.28	0.817839413	36219
Chromosome_2_RagTag	42760000	42770000	14.23	1.82e-9	1.82e-9	0	0	0	0	0	0	0	0	42765000	303	0.1338	0.2422	0.2343	0.281	0.2881	0.2427	0.2023	0.2152	0.0095	2.591	2.435	5.186	1.002	0.855	1.169590643	0.561	1.782531194	1.192	1.047	0.955109838	310798.924	296043.082	1.049843563	36460
Chromosome_2_RagTag	46790000	46800000	11.08393939	1.07e-9	1.07e-9	0	0	0	0	0	0	0	0	46795000	129	0.1175	0.1359	0.1017	0.1751	0.1579	0.1457	0.1638	0.1827	0.1039	5.791	4.4	6.355	0.891	0.916	1.091703057	0.898	1.113585746	1.031	0.941	1.062699256	185497.5	170178.864	1.090014915	36863
Chromosome_2_RagTag	55110000	55120000	13.57818182	1.54e-9	1.54e-9	0	0	0	0	0	0	0	0	55115000	237	0.0389	0.1899	0.141	0.1963	0.1378	0.1836	0.2686	0.1993	0.0532	2.425	3.417	7.969	1.943	1.131	0.884173298	0.327	3.058103976	0.806	1.684	0.593824228	149985.569	225394.431	0.665436002	37693
Chromosome_2_RagTag	70580000	70590000	14.13121212	7.83e-10	7.83e-10	0	0	0	0	0	0	0	0	70585000	284	0.1661	0.1684	0.1454	0.1774	0.2104	0.2314	0.0301	0.151	0.194	2.571	4.955	3.316	0.841	0.601	1.663893511	0.805	1.242236025	0.979	1.471	0.679809653	199063.264	376392.105	0.52887205	39240
Chromosome_2_RagTag	77980000	77990000	14.36787879	6.62e-10	6.62e-10	0	0	0	0	0	0	0	0	77985000	212	0.0614	0.1057	0.0895	0.1148	0.1081	0.1105	0.1609	0.1749	0.0628	3.441	5.48	7.332	1.079	0.422	2.369668246	1.133	0.882612533	1.316	0.792	1.262626263	104873.14	65597.982	1.598725095	39980
Chromosome_2_RagTag	79800000	79810000	13.72666667	1.46e-9	1.46e-9	0	0	0	0	0	0	0	0	79805000	394	0.0914	0.2018	0.2336	0.1692	0.2408	0.2448	0.0733	0.1862	0.0583	2.689	3.142	6.344	1.154	1.385	0.722021661	0.495	2.02020202	0.916	1.194	0.837520938	139309.893	160839.048	0.866144725	40162
Chromosome_2_RagTag	80650000	80660000	14.07818182	1.52e-9	1.52e-9	0	0	0	0	0	0	0	0	80655000	255	0.0651	0.1153	0.1619	0.2323	0.1575	0.1735	0.4469	0.1559	0.1103	5.605	3.186	7.089	1.012	0.663	1.508295626	0.285	3.50877193	0.345	1.075	0.930232558	50889.006	131479.152	0.387050002	40247
Chromosome_2_RagTag	97340000	97350000	14.23727273	1.44e-9	1.44e-9	0	0	0	0	0	0	0	0	97345000	239	0.0438	0.1276	0.0615	0.1431	0.078	0.1238	0.2555	0.1911	0.1398	5.897	2.724	8.573	1.085	1	1	0.336	2.976190476	0.883	1.162	0.860585198	89734.247	112935.54	0.794561632	41771
Chromosome_2_RagTag	108440000	108450000	13.8969697	3.57e-9	3.57e-9	0	0	0	0	0	0	0	0	108445000	415	0.1055	0.2187	0.1605	0.2058	0.2017	0.1981	0.1215	0.2017	0.0223	2.119	2.419	7.559	1.835	1.511	0.661813369	0.276	3.623188406	0.896	1.935	0.516795866	97605.345	192581.866	0.506825212	42691
Chromosome_2_RagTag	115640000	115650000	14.0430303	4.67e-9	4.67e-9	0	0	0	0	0	0	0	0	115645000	348	0.0834	0.1408	0.1143	0.1599	0.1343	0.1382	0.1794	0.15	0.0406	2.139	1.861	4.796	0.843	0.909	1.100110011	0.566	1.766784452	1.087	0.871	1.148105626	189833.576	149569.96	1.269195873	43411
Chromosome_21_RagTag	360000	370000	13.86848485	1.91e-9	1.91e-9	0	0	0	0	0	0	0.1	1	365000	110	0.16	0.085	0.0818	0.1805	0.1746	0.27	0.1953	0.1889	0.5299	14.027	8.739	3.289	1.015	0.573	1.745200698	0.93	1.075268817	0.897	1.673	0.597728631	55428.714	97573.948	0.568068784	45407
Chromosome_21_RagTag	480000	490000	13.84636364	5.18e-9	5.18e-9	0	0	0	0	0	0	0	0	485000	276	0.1031	0.178	0.097	0.1685	0.1367	0.1731	0.0924	0.1558	0.1191	4.063	7.036	4.656	1.012	0.433	2.309468822	0.729	1.371742112	1.036	1.132	0.883392226	140941.333	152062.538	0.926864268	45419
Chromosome_21_RagTag	490000	500000	13.53909091	4.23e-9	4.23e-9	0	0	0.115	1	0	0	0	0	495000	287	0.0976	0.1577	0.1757	0.1942	0.1981	0.2111	0.211	0.1789	0.1174	5.773	4.375	6.466	0.835	0.883	1.132502831	0.506	1.976284585	0.95	0.999	1.001001001	190664.969	197571.118	0.965044744	45420
Chromosome_23_RagTag	7160000	7170000	14.27212121	1.7e-9	1.7e-9	0	0	0	0	0	0	0	0	7165000	231	0.0613	0.1418	0.0978	0.1361	0.1133	0.1391	0.1484	0.1714	0.0765	2.628	4.177	7.183	1	0.917	1.090512541	0.534	1.872659176	0.991	1	1	103960.706	104873.1	0.991300019	47585
Chromosome_25_RagTag	6650000	6660000	14.38121212	1.3e-9	NA	0	0	0.038	1	0	0	0	0	6655000	62	0.043	0.0638	0.086	0.1868	0.1052	0.1618	0.5617	0.2332	0.364	15.271	4.958	9.337	0.097	1.1	0.909090909	0.316	3.164556962	0.537	1	1	17965.816	33440.5	0.53724723	48825
Chromosome_25_RagTag	6660000	6670000	19.57121212	NA	NA	0	0	0.038	2	0	0	0	0	6665000	70	0.0275	0.0449	0.1058	0.0926	0.1049	0.1717	0.444	0.2112	0.379	15.047	8.425	9.739	0.097	0.917	1.090512541	0.316	3.164556962	0.61	1.008	0.992063492	20407.442	33698.629	0.605586714	48826
Chromosome_25_RagTag	6670000	6680000	14.01969697	NA	NA	0	0	0.038	1	0	0	0	0	6675000	65	0.0605	0.0543	0.0984	0.1787	0.1086	0.1962	0.5201	0.1519	0.4318	15.041	7.063	4.381	0.246	0.448	2.232142857	0.8	1.25	0.829	1.684	0.593824228	11544.087	26107.906	0.442168246	48827
Chromosome_25_RagTag	6680000	6690000	14.55151515	NA	NA	0	0	0.038	3	0	0	0	0	6685000	50	0.0345	0.0138	0.1254	0.132	0.1116	0.2061	0.6959	0.1564	0.4716	15.287	7.844	3.207	0.307	0.461	2.169197397	1	1	1	1	1	10570.421	10570.5	0.999992526	48828
Chromosome_25_RagTag	6720000	6730000	14.28606061	1.06e-9	NA	0	0	0	0	0	0	0	0	6725000	67	0.0369	0.0653	0.105	0.1323	0.0993	0.1417	0.4494	0.1591	0.2447	10.747	2.85	9.143	0.228	1.108	0.902527076	0.127	7.874015748	0.534	1.025	0.975609756	28719.984	55537.657	0.517126317	48830
Chromosome_25_RagTag	6750000	6760000	14.5330303	9.03e-10	NA	0	0	0	0	0	0	0	0	6755000	63	0.0577	0.0823	0.1216	0.1937	0.1392	0.1339	0.4752	0.2099	0.1331	11.335	3.132	11.402	0.316	1.772	0.564334086	0.176	5.681818182	0.782	1.772	0.564334086	26137.65	59253.4	0.441116459	48831
Chromosome_25_RagTag	6810000	6820000	13.40090909	1.05e-9	NA	0	0	0.038	1	0	0	0	0	6815000	66	0.0573	0.0375	0.11	0.2309	0.1403	0.159	0.6653	0.2464	0.3532	15.213	5.561	11.477	0.926	1	1	0.163	6.134969325	0.964	0.926	1.079913607	36618.984	33440.5	1.095048938	48836
Chromosome_25_RagTag	6820000	6830000	13.12	9.84e-10	NA	0	0	0	0	0	0	0	0	6825000	59	0.0407	0.0782	0.0659	0.1209	0.0753	0.1186	0.3465	0.1674	0.247	15.089	8.468	11.777	1	1	1	0.176	5.681818182	0.817	1	1	27322.706	33440.5	0.81705435	48837
Chromosome_25_RagTag	6830000	6840000	13.51818182	9.23e-10	NA	0	0	0	0	0	0	0	0	6835000	63	0.0152	0.0419	0.1252	0.1172	0.1231	0.1188	0.6142	0.2557	0.1661	12.704	7.301	12.923	1	1	1	0.176	5.681818182	1.111	1	1	37162.744	33440.5	1.11130946	48838
Chromosome_26_RagTag	2010000	2020000	14.06212121	2.07e-9	NA	0	0	0	0	0	0	0	0	2015000	108	0.1178	0.1468	0.09	0.1794	0.1427	0.2151	0.1544	0.1603	0.2974	8.056	6.857	5.28	1	0.178	5.617977528	0.721	1.386962552	0.529	1.246	0.802568218	31319.357	73851.704	0.424084419	48892
Chromosome_27_RagTag	6210000	6220000	14.02	1.87e-9	1.87e-9	0	0	0	0	0	0	0	0	6215000	192	0.071	0.1606	0.1302	0.1651	0.1384	0.1718	0.1792	0.1539	0.0847	5.057	3.523	7.261	1.225	1.63	0.613496933	0.736	1.358695652	1.127	1.398	0.715307582	130173.755	146797.788	0.886755562	49969
Chromosome_29_RagTag	1570000	1580000	24.5530303	2.55e-9	2.55e-9	0	0	0.152	2	0	0	0	0	1575000	104	0.051	0.056	0.108	0.1599	0.1323	0.1226	0.5048	0.2415	0.1926	11.334	5.327	8.307	0.56	0.474	2.109704641	0.315	3.174603175	1.269	1	1	83071.475	67302.648	1.234297275	50610
Chromosome_29_RagTag	2480000	2490000	13.69939394	4.5e-9	4.5e-9	0	0	0	0	0	0	0	0	2485000	240	0.0667	0.1412	0.1137	0.1579	0.1284	0.1416	0.2101	0.1708	0.0536	4.208	3.399	8.286	0.865	0.925	1.081081081	0.032	31.25	0.88	1.014	0.986193294	163085.117	186603.046	0.87396814	50700
Chromosome_29_RagTag	2520000	2530000	12.99606061	3.87e-9	3.87e-9	0	0	0	0	0	0	0	0	2525000	236	0.0697	0.1749	0.0734	0.1648	0.102	0.17	0.1513	0.1759	0.1639	5.754	8.361	5.202	2.701	0.791	1.264222503	0.6	1.666666667	0.85	3.934	0.254194204	92136.377	240393.369	0.383273371	50704
Chromosome_29_RagTag	2620000	2630000	12.87939394	1.83e-9	1.83e-9	0	0	0	1	0	0	0	1	2625000	192	0.1512	0.1081	0.1258	0.2287	0.1938	0.1815	0.2815	0.1688	0.2154	8.455	6.813	6.636	0.563	0.733	1.36425648	1.079	0.926784059	0.968	0.978	1.022494888	198433.214	202408.582	0.980359687	50714
Chromosome_3_RagTag	2770000	2780000	13.96515152	5.67e-9	5.67e-9	0	0	0	0	0	0	0	0	2775000	292	0.0739	0.1667	0.1194	0.1524	0.1318	0.1523	0.1205	0.1508	0.0321	3.366	2.429	4.531	1.23	0.771	1.297016861	0.854	1.170960187	0.998	1.146	0.872600349	142184.626	143053.955	0.993923069	51014
Chromosome_3_RagTag	12580000	12590000	14.23333333	1.58e-9	1.58e-9	0	0	0	0	0	0	0	0	12585000	140	0.0703	0.158	0.1646	0.1716	0.164	0.1759	0.2051	0.1592	0.0435	4.042	1.606	6.65	0.723	1.008	0.992063492	0.104	9.615384615	0.931	0.926	1.079913607	94090.043	93252.202	1.008984678	51983
Chromosome_3_RagTag	12650000	12660000	14.28848485	2.24e-9	2.24e-9	0	0	0	0	0	0	0	0	12655000	160	0.0413	0.1121	0.1638	0.1032	0.1462	0.1793	0.1504	0.1654	0.1281	5.052	5.953	9.11	0.458	1.495	0.668896321	0.137	7.299270073	1.477	1.485	0.673400673	128974.508	129430.705	0.996475357	51990
Chromosome_3_RagTag	17120000	17130000	14.2369697	3.16e-10	3.16e-10	0	0	0	0	0	0	0	0	17125000	108	0.072	0.0734	0.0741	0.111	0.1021	0.0815	0.2131	0.1664	0.0506	11.277	3.962	6.402	1	1	1	0.318	3.144654088	1	1	1	59253.4	59253.4	1	52337
Chromosome_3_RagTag	19480000	19490000	16.55939394	2.45e-9	2.45e-9	0	0	0	0	0	0	0	0	19485000	190	0.0767	0.104	0.1493	0.1593	0.1598	0.1375	0.2814	0.1665	0.0403	2.235	2.133	5.793	1.13	0.815	1.226993865	0.35	2.857142857	0.966	0.964	1.037344398	292209.456	244720.91	1.194051853	52573
Chromosome_3_RagTag	21670000	21680000	13.56545455	1.52e-9	1.52e-9	0	0	0	0	0	0	0	0	21675000	315	0.0991	0.1394	0.1068	0.1432	0.1506	0.159	0.0934	0.1879	0.1298	3.559	4.622	4.723	0.742	0.667	1.499250375	0.383	2.610966057	0.991	1.28	0.78125	173335.764	215420.214	0.8046402	52792
Chromosome_3_RagTag	23580000	23590000	13.62969697	1.83e-9	1.83e-9	0	0	0	0	0	0	0	0	23585000	234	0.0507	0.1351	0.1547	0.1904	0.1556	0.1525	0.3498	0.1952	0.0256	3.732	1.993	6.912	1.006	1.149	0.870322019	0.188	5.319148936	0.942	1.131	0.884173298	108904.32	131479.152	0.828301053	52983
Chromosome_3_RagTag	23690000	23700000	14.1830303	8.88e-10	8.88e-10	0	0	0	0	0	0	0	0	23695000	228	0.0778	0.1406	0.138	0.1382	0.161	0.1456	0.1198	0.1926	0.0224	1.865	4.44	4.568	0.973	0.27	3.703703704	0.83	1.204819277	1	0.619	1.615508885	185497.5	114833.301	1.6153633	52994
Chromosome_3_RagTag	23710000	23720000	14.13878788	3.86e-10	3.86e-10	0	0	0	0	0	0	0	0	23715000	284	0.1438	0.1753	0.1525	0.2043	0.2047	0.1741	0.1257	0.1606	0.0306	2.437	3.815	5.176	1	0.826	1.210653753	0.538	1.858736059	1.129	0.9	1.111111111	232574.722	181466.28	1.281641537	52996
Chromosome_3_RagTag	23720000	23730000	13.75272727	3.86e-10	3.86e-10	0	0	0	0	0	0	0	0	23725000	227	0.1808	0.2362	0.1719	0.251	0.2471	0.2256	0.0947	0.1682	0.0514	2.411	2.612	5.278	1.508	0.934	1.070663812	0.65	1.538461538	0.93	0.999	1.001001001	132166.099	132772.296	0.995434311	52997
Chromosome_3_RagTag	24720000	24730000	14.02787879	1.26e-9	1.26e-9	0	0	0	0	0	0	0	0	24725000	256	0.0639	0.1849	0.1514	0.1519	0.1607	0.1784	0.102	0.1903	0.03	2.265	3.945	7.335	0.976	1.054	0.948766603	0.413	2.421307506	0.978	1.054	0.948766603	99398.736	104873.1	0.947800113	53097
Chromosome_3_RagTag	24730000	24740000	14.03515152	1.09e-9	1.09e-9	0	0	0	0	0	0	0	0	24735000	230	0.044	0.1009	0.0791	0.1084	0.0961	0.094	0.2033	0.2142	0.0223	1.741	3.842	6.945	1	1	1	0.608	1.644736842	1	1	1	104873.1	104873.1	1	53098
Chromosome_3_RagTag	29880000	29890000	14.16939394	1.47e-9	1.47e-9	0	0	0	0	0	0	0	0	29885000	306	0.0822	0.1634	0.1466	0.1557	0.1606	0.1738	0.121	0.1637	0.058	3.038	3.883	5.284	1.276	0.545	1.834862385	0.803	1.245330012	1.014	1.069	0.935453695	152509.174	167950.305	0.90806131	53613
Chromosome_3_RagTag	30770000	30780000	13.13606061	1.85e-9	1.85e-9	0	0	0	0	0	0	0	0	30775000	253	0.1349	0.1511	0.1174	0.1733	0.1708	0.1448	0.0981	0.1524	0.0386	2.386	2.538	3.677	0.871	0.9	1.111111111	1.155	0.865800866	1.215	0.957	1.044932079	238959.385	198413.172	1.204352426	53702
Chromosome_3_RagTag	34780000	34790000	13.85606061	2.78e-9	2.78e-9	0	0	0	0	0	0	0	0	34785000	282	0.1082	0.1799	0.0931	0.1787	0.1824	0.1702	0.1098	0.292	0.1146	2.131	5.269	6.055	1.018	0.334	2.994011976	0.434	2.304147465	1.405	0.945	1.058201058	243154.451	157569.662	1.543155249	54103
Chromosome_3_RagTag	36680000	36690000	14.27969697	2.15e-9	2.15e-9	0	0	0	0	0	0	0	0	36685000	230	0.0242	0.1174	0.1325	0.175	0.1273	0.138	0.4303	0.2237	0.0494	3.078	1.769	11.376	1.465	1.112	0.899280576	0.032	31.25	0.499	1.079	0.926784059	67870.129	113411.975	0.598438824	54293
Chromosome_3_RagTag	36690000	36700000	14.12606061	3.74e-9	3.74e-9	0	0	0	0	0	0	0	0	36695000	258	0.0181	0.1333	0.1101	0.1364	0.1128	0.1243	0.2912	0.2584	0.0107	2.995	2.31	12.046	0.924	0.959	1.042752868	0.033	30.3030303	1.107	0.95	1.052631579	112786.434	96986.79	1.162905113	54294
Chromosome_3_RagTag	36700000	36710000	14.02424242	5.3300000000000004e-09	5.3300000000000004e-09	0	0	0	0	0	0	0	0	36705000	262	0.0276	0.1605	0.1513	0.1787	0.166	0.157	0.3157	0.2831	0.0035	2.949	2.393	12.418	0.932	0.959	1.042752868	0.042	23.80952381	2.522	0.957	1.044932079	189702.277	122978.577	1.542563604	54295
Chromosome_3_RagTag	36710000	36720000	14.16060606	5.3300000000000004e-09	5.3300000000000004e-09	0	0	0	0	0	0	0	0	36715000	236	0.0332	0.1289	0.1675	0.2002	0.1785	0.1575	0.43	0.2646	0.0301	3.997	2.087	10.662	0.548	0.791	1.264222503	0.024	41.66666667	1.581	0.693	1.443001443	228619.163	104252.609	2.192934692	54296
Chromosome_3_RagTag	36720000	36730000	13.60818182	5.3300000000000004e-09	5.3300000000000004e-09	0	0	0	0	0	0	0	0	36725000	311	0.0683	0.2004	0.1933	0.2009	0.1966	0.2166	0.2026	0.1923	0.0482	3.185	3.035	8.967	0.837	0.761	1.314060447	0.046	21.73913043	1.018	0.921	1.08577633	282056.134	254211.446	1.109533573	54297
Chromosome_3_RagTag	38510000	38520000	13.81969697	1.84e-9	1.84e-9	0	0	0	0	0	0	0	0	38515000	301	0.1067	0.153	0.1343	0.1884	0.1764	0.1618	0.1878	0.1868	0.0601	4.48	5.701	5.106	0.923	0.476	2.100840336	1.249	0.800640512	1.335	0.913	1.095290252	174377.64	124222.956	1.403747307	54476
Chromosome_3_RagTag	38750000	38760000	13.99151515	6.04e-10	6.04e-10	0	0	0	0	0	0	0	0	38755000	285	0.1346	0.1599	0.0545	0.166	0.1305	0.1441	0.0612	0.1685	0.1559	2.62	7.01	3.552	1.753	0.542	1.84501845	1.642	0.609013398	0.646	1.426	0.701262272	59253.4	150149.152	0.394630267	54500
Chromosome_3_RagTag	39390000	39400000	13.76909091	1.49e-9	1.49e-9	0	0	0	0	0	0	0	0	39395000	265	0.0746	0.1458	0.0952	0.1386	0.1151	0.1305	0.1167	0.1496	0.0413	2.077	3.206	7.098	1.092	0.839	1.191895113	0.181	5.524861878	0.793	1.023	0.977517107	141630.515	178241.304	0.794599859	54564
Chromosome_3_RagTag	39500000	39510000	13.92090909	3e-9	3e-9	0	0	0	0	0	0	0	0	39505000	268	0.0558	0.1649	0.0988	0.1518	0.1148	0.1425	0.1616	0.1907	0.0402	3.156	3.021	8.367	0.961	0.908	1.101321586	0.202	4.95049505	1.275	0.943	1.060445387	161124.549	106485.588	1.513111324	54575
Chromosome_3_RagTag	39510000	39520000	13.84575758	3e-9	3e-9	0	0	0	0	0	0	0	0	39515000	280	0.0321	0.1736	0.1332	0.1462	0.1414	0.1727	0.1774	0.2486	0.0605	3.021	5.484	13.184	1.159	0.805	1.242236025	0.074	13.51351351	1.003	1.116	0.896057348	211013.787	217950.646	0.96817234	54576
Chromosome_3_RagTag	47030000	47040000	13.48272727	2.02e-9	2.02e-9	0	0	0	0	0	0	0	0	47035000	225	0.1219	0.1578	0.1434	0.1869	0.1906	0.1543	0.1471	0.1786	0.0121	2.375	3.238	5.648	0.893	1.036	0.965250965	1.897	0.527148129	2.901	1.026	0.974658869	193609.07	78858.512	2.455144855	55328
Chromosome_3_RagTag	48710000	48720000	14.03939394	9.25e-10	9.25e-10	0	0	0	0	0	0	0	0	48715000	344	0.0604	0.1959	0.1781	0.259	0.2084	0.197	0.3438	0.261	0.0265	4.344	4.311	6.811	1.1	0.715	1.398601399	0.221	4.524886878	0.462	1.1	0.909090909	79495.412	185497.5	0.428552471	55496
Chromosome_3_RagTag	52380000	52390000	13.35545455	1.71e-9	1.71e-9	0	0	0	0	0	0	0	0	52385000	259	0.0803	0.1779	0.1246	0.1706	0.1411	0.1697	0.1417	0.1558	0.059	3.135	3.43	7.131	0.848	0.817	1.223990208	0.014	71.42857143	0.969	0.96	1.041666667	136142.512	131291.554	1.036947982	55863
Chromosome_3_RagTag	52620000	52630000	13.67454545	1.4e-9	1.4e-9	0	0	0	0	0	0	0	0	52625000	246	0.0804	0.1548	0.0794	0.1207	0.111	0.1465	0.0133	0.1636	0.1163	1.954	6.351	3.164	1.338	0.39	2.564102564	1.133	0.882612533	0.869	1.323	0.755857899	101424.465	142634.822	0.711077867	55887
Chromosome_3_RagTag	52760000	52770000	14.03606061	9.26e-10	9.26e-10	0	0	0	0	0	0	0	0	52765000	285	0.075	0.1975	0.1754	0.2036	0.2091	0.214	0.2022	0.2425	0.0696	3.182	3.269	7.365	0.985	1.061	0.942507069	0.705	1.418439716	1	1.061	0.942507069	241068.21	252467.33	0.954849128	55901
Chromosome_3_RagTag	55200000	55210000	13.80575758	1.83e-9	1.83e-9	0	0	0	0	0	0	0	0	55205000	212	0.0775	0.1624	0.1673	0.2222	0.168	0.1798	0.3042	0.1515	0.0434	3.854	1.934	5.871	0.59	0.989	1.011122346	0.744	1.344086022	0.952	0.963	1.038421599	190615.126	192764.866	0.988847864	56145
Chromosome_3_RagTag	58970000	58980000	13.33181818	3.85e-9	3.85e-9	0	0	0	0	0	0	0	0	58975000	323	0.1998	0.2303	0.0682	0.2241	0.2037	0.2432	0.0212	0.2182	0.2538	3.583	6.436	3.556	3.148	0.448	2.232142857	2.556	0.391236307	0.965	1.15	0.869565217	114107.856	120498.394	0.946965783	56522
Chromosome_3_RagTag	66260000	66270000	14.3969697	3.61e-9	3.61e-9	0	0	0	0	0	0	0	0	66265000	285	0.0845	0.1356	0.1237	0.1404	0.1463	0.143	0.1237	0.166	0.0493	2.871	3.998	6.252	0.9	0.708	1.412429379	0.359	2.78551532	1.117	1.03	0.970873786	178378.618	170160.177	1.048298263	57251
Chromosome_3_RagTag	66650000	66660000	13.42727273	9.79e-10	9.79e-10	0	0	0	0	0	0	0	0	66655000	216	0.116	0.1502	0.1288	0.1517	0.1836	0.1581	0.0667	0.1997	0.0634	2.418	4.184	4.398	1.323	0.891	1.122334456	1.153	0.867302689	1.17	0.935	1.069518717	163376.524	126641.688	1.290069065	57290
Chromosome_3_RagTag	72380000	72390000	13.80242424	2.47e-9	2.47e-9	0	0	0	0	0	0	0	0	72385000	284	0.078	0.1579	0.1265	0.136	0.1396	0.1553	0.0727	0.1513	0.0449	4.013	3.293	4.391	1.274	0.758	1.319261214	0.275	3.636363636	0.707	1.663	0.60132291	101183.772	199863.716	0.506263838	57863
Chromosome_3_RagTag	76400000	76410000	13.85757576	6.82e-10	6.82e-10	0	0	0	0	0	0	0	0	76405000	241	0.053900000000000003	0.1712	0.1665	0.1731	0.1559	0.1782	0.2161	0.1635	0.027	2.683	3.155	5.222	1.369	1.077	0.928505107	0.635	1.57480315	0.948	1.376	0.726744186	162922.668	232518.87	0.70068579	58265
Chromosome_3_RagTag	83190000	83200000	14.08909091	1.69e-9	1.69e-9	0	0	0	0	0	0	0	0	83195000	203	0.1163	0.1865	0.1366	0.2016	0.1871	0.1776	0.1455	0.1928	0.0485	4.4	3.81	5.663	1.692	0.501	1.996007984	1.531	0.653167864	1.012	0.892	1.121076233	188251.987	140049.624	1.344180596	58944
Chromosome_3_RagTag	83200000	83210000	13.58454545	1.69e-9	1.69e-9	0	0	0	0	0	0	0	0	83205000	245	0.0686	0.1528	0.0957	0.1557	0.1304	0.1379	0.1726	0.2241	0.0537	2.776	4.088	7.104	1.362	0.819	1.221001221	0.498	2.008032129	1.411	1.331	0.751314801	192751.406	162109.278	1.189021433	58945
Chromosome_3_RagTag	87770000	87780000	13.72272727	1.05e-9	1.05e-9	0	0	0	0	0	0	0	0	87775000	213	0.0817	0.1457	0.0964	0.1439	0.128	0.1357	0.1198	0.1787	0.059	2.326	4.024	7.028	1.174	0.678	1.474926254	0.137	7.299270073	0.856	0.961	1.040582726	147030.335	157278.967	0.934837873	59402
Chromosome_3_RagTag	98020000	98030000	18.34575758	2.06e-9	2.06e-9	0	0	0	0	0	0	0	0	98025000	150	0.0926	0.1215	0.1039	0.167	0.1355	0.1324	0.2233	0.1591	0.0817	3.667	5.2	5.986	0.916	0.86	1.162790698	0.567	1.76366843	0.961	0.921	1.08577633	177435.06	169372.62	1.047601791	60427
Chromosome_3_RagTag	103390000	103400000	13.48787879	6.97e-10	6.97e-10	0	0	0	0	0	0	0	0	103395000	278	0.1202	0.1734	0.1316	0.1801	0.1805	0.1739	0.1042	0.178	0.0669	2.752	6.073	4.406	0.914	0.46	2.173913043	0.928	1.077586207	1.176	0.799	1.251564456	171791.352	116160.516	1.478913472	60964
Chromosome_3_RagTag	116360000	116370000	13.68636364	4.53e-9	4.53e-9	0	0	0	0	0	0	0	0	116365000	285	0.066	0.1795	0.1547	0.1852	0.1523	0.1894	0.207	0.1535	0.0634	3.624	2.796	8.289	1.526	1.059	0.944287063	0.063	15.87301587	0.934	1.253	0.798084597	115397.451	146192.038	0.789355238	62196
Chromosome_30_RagTag	820000	830000	10.36151515	5.52e-9	5.52e-9	0	0	0	0	0	0	0	0	825000	158	0.0781	0.1136	0.102	0.1502	0.1227	0.1233	0.2254	0.1523	0.068	4.182	2.15	6.001	1.473	0.89	1.123595506	0.557	1.795332136	0.704	1.261	0.793021412	37054.306	68655.671	0.53971224	62361
Chromosome_4_RagTag	31490000	31500000	13.89939394	5.18e-10	5.18e-10	0	0	0	0	0	0	0	0	31495000	189	0.1057	0.1284	0.0863	0.1753	0.1527	0.1309	0.2035	0.231	0.1015	3.337	7.638	5.771	1.616	0.22	4.545454545	0.657	1.522070015	0.943	1.263	0.791765637	101223.524	134704.128	0.751450794	65741
Chromosome_4_RagTag	32000000	32010000	14.2330303	1.3e-9	1.3e-9	0	0	0	0	0	0	0	0	32005000	230	0.1637	0.2447	0.1489	0.2377	0.2211	0.2285	0.0776	0.1733	0.0772	2.805	3.226	5.504	1.268	0.867	1.153402537	0.268	3.731343284	1.2	1.202	0.831946755	169708.813	150829.008	1.125173567	65792
Chromosome_4_RagTag	33570000	33580000	14.10848485	9.25e-10	9.25e-10	0	0	0	0	0	0	0	0	33575000	258	0.0482	0.1309	0.086	0.1091	0.0943	0.1229	0.1006	0.1645	0.0643	2.55	5.173	4.887	1.391	0.642	1.557632399	0.735	1.360544218	0.965	0.916	1.091703057	136454.363	125516.994	1.087138551	65949
Chromosome_4_RagTag	33580000	33590000	13.62515152	1.42e-9	1.42e-9	0	0	0	0	0	0	0	0	33585000	190	0.0758	0.1268	0.0829	0.1212	0.116	0.1177	0.0917	0.1875	0.0598	2.045	5.421	5.874	1.395	0.493	2.028397566	0.649	1.540832049	1	1.075	0.930232558	159654.736	145991.544	1.093588927	65950
Chromosome_4_RagTag	37030000	37040000	13.88545455	1.37e-9	1.37e-9	0	0	0	0	0	0	0	0	37035000	206	0.1201	0.1127	0.0941	0.1636	0.1605	0.1076	0.1721	0.203	0.0206	2.06	3.573	5.881	1.054	1.115	0.896860987	0.794	1.259445844	1.354	1.131	0.884173298	141960.324	118579.248	1.197176794	66294
Chromosome_4_RagTag	38100000	38110000	13.27969697	1.08e-9	1.08e-9	0	0	0	0	0	0	0	0	38105000	277	0.1193	0.2011	0.1752	0.1896	0.2045	0.2046	0.0861	0.1602	0.0425	2.26	4.402	5.4	1.363	1.075	0.930232558	1.078	0.927643785	1.076	1.275	0.784313725	226212.666	268021.376	0.844009793	66401
Chromosome_4_RagTag	40180000	40190000	14.20151515	1.92e-9	1.92e-9	0	0	0	0	0	0	0	0	40185000	168	0.055	0.163	0.1573	0.1456	0.176	0.171	0.1469	0.2373	0.0329	2.471	4.358	10.297	0.791	0.528	1.893939394	0.127	7.874015748	1.115	0.607	1.647446458	170985.108	80895.6	2.113651521	66609
Chromosome_4_RagTag	40190000	40200000	13.61848485	1.92e-9	1.92e-9	0	0	0	0	0	0	0	0	40195000	239	0.0525	0.1615	0.1154	0.1785	0.1607	0.1535	0.255	0.3044	0.0528	3.249	3.712	11.222	0.991	1.126	0.888099467	0.132	7.575757576	1.283	1.097	0.911577028	207374.75	164403.41	1.261377425	66610
Chromosome_4_RagTag	43440000	43450000	14.49636364	1.02e-9	1.02e-9	0	0	0	0	0	0	0	0	43445000	201	0.0939	0.0938	0.097	0.1354	0.1313	0.1044	0.185	0.1585	0.0451	2.744	5.102	6.365	0.951	0.522	1.915708812	0.256	3.90625	0.887	0.6	1.666666667	129780.752	82519.447	1.572729299	66935
Chromosome_4_RagTag	50910000	50920000	13.71121212	2.56e-9	2.56e-9	0	0	0	0	0	0	0	0	50915000	309	0.1188	0.2398	0.04	0.2272	0.1072	0.2085	0.1205	0.1583	0.2137	3.43	5.498	3.713	3.429	0.893	1.119820829	1.083	0.923361034	0.863	1.591	0.628535512	54607.078	110656.539	0.493482613	67676
Chromosome_4_RagTag	50970000	50980000	14.40393939	9.24e-10	9.24e-10	0	0	0	0	0	0	0	0	50975000	213	0.0441	0.0858	0.1363	0.0783	0.1245	0.123	0.0957	0.1521	0.0497	3.458	3.032	5.498	1	2.066	0.484027106	1	1	1.331	1.906	0.524658972	78869.871	112935.54	0.698361835	67682
Chromosome_4_RagTag	51430000	51440000	14.07121212	1.19e-9	1.19e-9	0	0	0	0	0	0	0	0	51435000	277	0.1408	0.1529	0.2581	0.3653	0.2764	0.2506	0.4327	0.1574	0.0965	5.884	1.962	7.72	0.371	0.971	1.029866117	0.068	14.70588235	0.625	0.957	1.044932079	197819.424	301212.892	0.656742886	67728
Chromosome_4_RagTag	55310000	55320000	13.89181818	6.4e-10	6.4e-10	0	0	0	0	0	0	0	0	55315000	320	0.0739	0.118	0.1032	0.1084	0.1223	0.1353	0.0625	0.1578	0.1016	2.761	5.327	2.882	1	0.601	1.663893511	0.863	1.158748552	0.996	0.957	1.044932079	184691.256	177435.06	1.040894939	68116
Chromosome_4_RagTag	57820000	57830000	14.42030303	1.53e-9	1.53e-9	0	0	0	0	0	0	0	0	57825000	237	0.0498	0.1612	0.1477	0.1573	0.1388	0.1567	0.2012	0.1605	0.0075	1.87	1.997	8.365	1.308	1.327	0.753579503	0.456	2.192982456	0.982	1.29	0.775193798	98274.042	131354.761	0.748157442	68346
Chromosome_4_RagTag	57850000	57860000	14.40484848	2.11e-9	2.11e-9	0	0	0	0	0	0	0	0	57855000	310	0.102	0.1073	0.2123	0.3225	0.2387	0.1937	0.5163	0.1997	0.0927	5.358	1.824	7.625	0.82	0.907	1.102535832	0.229	4.366812227	0.869	0.936	1.068376068	211894.593	230614.792	0.918824812	68349
Chromosome_4_RagTag	64480000	64490000	14.36151515	3.54e-9	3.54e-9	0	0	0	0	0	0	0	0	64485000	281	0.0734	0.1342	0.0952	0.1368	0.116	0.1205	0.1403	0.1567	0.0251	3.014	2.648	6.717	1.015	0.828	1.207729469	0.794	1.259445844	0.997	1.033	0.968054211	126358.41	131379.71	0.961780247	68879
Chromosome_4_RagTag	64820000	64830000	14.03333333	9.58e-10	9.58e-10	0	0	0	0	0	0	0	0	64825000	243	0.0609	0.127	0.0973	0.1348	0.1097	0.1252	0.1825	0.1589	0.0563	2.242	3.163	8.045	1.307	0.927	1.078748652	0.057	17.54385965	0.965	1.304	0.766871166	107768.267	145997.545	0.738151227	68913
Chromosome_4_RagTag	64830000	64840000	13.87151515	9.58e-10	9.58e-10	0	0	0	0	0	0	0	0	64835000	295	0.0594	0.1557	0.1246	0.1639	0.1269	0.1511	0.2117	0.1541	0.0383	3.108	2.826	7.914	0.721	0.635	1.57480315	0.039	25.64102564	1.515	0.685	1.459854015	265171.628	130267.205	2.035597739	68914
Chromosome_4_RagTag	70390000	70400000	13.65909091	1.24e-9	NA	0	0	0	0	0	0	0	0	70395000	127	0.1169	0.1786	0.1565	0.1949	0.2062	0.1901	0.1407	0.2004	0.0637	3.059	5.82	9.511	0.935	0.491	2.036659878	0.18	5.555555556	1	0.804	1.243781095	104873.1	84344.235	1.243393813	69450
Chromosome_4_RagTag	70520000	70530000	14.36151515	9.79e-10	NA	0	0	0	0	0	0	0	0	70525000	92	0.1387	0.1225	0.0899	0.1455	0.1915	0.1875	0.0553	0.2587	0.2817	2.793	9.371	3.451	0.582	0.425	2.352941176	0.817	1.223990208	0.817	1	1	85712.826	104873.1	0.817300394	69461
Chromosome_4_RagTag	70750000	70760000	14.07515152	9.77e-10	NA	0	0	0	0	0	0	0	0	70755000	58	0.0468	0.0837	0.0612	0.0961	0.0819	0.0872	0.1953	0.2036	0.0947	11.752	10.037	8.189	1	0.987	1.013171226	1	1	1.069	1.069	0.935453695	35763.661	35763.661	1	69483
Chromosome_4_RagTag	70760000	70770000	13.73787879	9.77e-10	NA	0	0	0	0	0	0	0	0	70765000	59	0.0818	0.0572	0.0875	0.1199	0.1405	0.1225	0.2711	0.248	0.2531	11.247	9.937	6.988	1	0.563	1.776198934	1	1	1.772	1.772	0.564334086	59253.4	59253.4	1	69484
Chromosome_4_RagTag	70770000	70780000	14.45090909	9.77e-10	NA	0	0	0	0	0	0	0	0	70775000	83	0.0436	0.1031	0.0596	0.1058	0.0771	0.1096	0.1849	0.196	0.1534	12.278	10.311	5.762	1	0.952	1.050420168	1	1	1.509	1.509	0.662690524	50477.014	50477.014	1	69485
Chromosome_4_RagTag	70790000	70800000	14.24939394	1.5e-9	1.5e-9	0	0	0	0	0	0	0	0	70795000	54	0.1001	0.1279	0.093	0.1764	0.1502	0.1509	0.2194	0.2192	0.1582	8.1	10.514	7.53	1.134	0.476	2.100840336	1.217	0.821692687	1.402	1.168	0.856164384	39635.596	34961.772	1.133683842	69486
Chromosome_4_RagTag	70830000	70840000	14.32121212	1.54e-9	1.54e-9	0	0	0	0	0	0	0	0	70835000	75	0.0698	0.089	0.0626	0.1205	0.0959	0.113	0.2101	0.1849	0.2013	12.871	7.582	6.767	0.821	1	1	1	1	1	1	1	33440.5	33440.5	1	69489
Chromosome_4_RagTag	70860000	70870000	14.49	9.71e-10	NA	0	0	0	0	0	0	0	0	70865000	74	0.067	0.0791	0.0732	0.1206	0.1129	0.1228	0.2499	0.2338	0.2362	13.92	11.912	6.902	1	1	1	0.878	1.138952164	1	1	1	33440.5	33440.5	1	69491
Chromosome_4_RagTag	70870000	70880000	14.84	7.28e-10	NA	0	0	0	0	0	0	0	0	70875000	75	0.0702	0.0819	0.0566	0.1353	0.0945	0.083	0.2854	0.1998	0.0929	14.62	10.763	7.154	1	1	1	0.677	1.477104874	1	1	1	33440.5	33440.5	1	69492
Chromosome_4_RagTag	70880000	70890000	17.59090909	7.28e-10	NA	0	0	0	0	0	0	0	0	70885000	68	0.0676	0.0912	0.053900000000000003	0.1233	0.1034	0.1218	0.2207	0.2635	0.2605	14.937	8.23	6.386	1	1	1	0.607	1.647446458	1	1	1	33440.5	33440.5	1	69493
Chromosome_4_RagTag	70890000	70900000	14.78181818	7.28e-10	NA	0	0	0	0	0	0	0	0	70895000	77	0.0892	0.0511	0.0846	0.0983	0.1315	0.1031	0.1711	0.2057	0.2023	14.937	8.132	7.366	1	1	1	0.563	1.776198934	1	1	1	33440.5	33440.5	1	69494
Chromosome_4_RagTag	70900000	70910000	14.44242424	1e-9	NA	0	0	0	0	0	0	0	0	70905000	71	0.0581	0.094	0.0464	0.1377	0.0795	0.1313	0.2939	0.2106	0.3143	14.937	7.544	7.506	1	1	1	0.563	1.776198934	1	1	1	33440.5	33440.5	1	69495
Chromosome_4_RagTag	70920000	70930000	13.92121212	1.07e-9	NA	0	0	0	0	0	0	0	0	70925000	85	0.0673	0.0741	0.0566	0.1147	0.0936	0.1191	0.242	0.2064	0.296	14.937	7.944	7.305	1	1	1	0.563	1.776198934	1	1	1	33440.5	33440.5	1	69496
Chromosome_4_RagTag	70930000	70940000	14.42242424	1.07e-9	NA	0	0	0	0	0	0	0	0	70935000	56	0.085	0.0869	0.0535	0.121	0.1108	0.1151	0.1727	0.2371	0.249	14.397	7.385	7.082	1	1	1	0.605	1.652892562	1.021	1	1	34154.827	33440.5	1.021361134	69497
Chromosome_4_RagTag	71450000	71460000	13.90181818	1.25e-9	NA	0	0	0	0	0	0	0	0	71455000	62	0.0741	0.0938	0.047	0.1286	0.0819	0.0908	0.214	0.1541	0.1322	8.56	2.928	7.684	1	1.533	0.652315721	1	1	1.679	1	1	56155.852	33440.5	1.679276685	69498
Chromosome_4_RagTag	71460000	71470000	13.11818182	1.25e-9	NA	0	0	0	0	0	0	0	0	71465000	94	0.0437	0.0838	0.0599	0.0923	0.0712	0.0832	0.1869	0.1556	0.0752	15.564	3.565	10.395	0.617	1.093	0.914913083	0.804	1.243781095	1.093	0.617	1.620745543	59253.443	33440.5	1.77190661	69499
Chromosome_5_RagTag	15320000	15330000	13.22606061	1.96e-9	1.96e-9	0	0	0	0	0	0	0	0	15325000	149	0.0372	0.125	0.0853	0.1228	0.0904	0.1205	0.2085	0.1854	0.0698	2.991	4.009	9.914	1.098	0.852	1.17370892	0.052	19.23076923	0.991	0.689	1.45137881	117773.004	78551.681	1.499305966	71705
Chromosome_5_RagTag	15510000	15520000	14.18939394	1.53e-9	1.53e-9	0	0	0	0	0	0	0	0	15515000	236	0.1554	0.1737	0.159	0.2288	0.227	0.1909	0.1669	0.1822	0.0694	3.878	2.911	7.538	0.926	1	1	0.131	7.633587786	1.034	1.13	0.884955752	193296.448	210957.922	0.916279636	71724
Chromosome_5_RagTag	15900000	15910000	14.40242424	1.62e-9	1.62e-9	0	0	0	0	0	0	0	0	15905000	238	0.0927	0.1322	0.1042	0.1282	0.1427	0.1556	0.0671	0.1832	0.1391	3.603	4.915	5.123	0.856	0.579	1.727115717	0.887	1.127395716	1.334	1.033	0.968054211	152854.737	110281.79	1.386037867	71763
Chromosome_5_RagTag	15910000	15920000	14.14606061	1.36e-9	1.36e-9	0	0	0	0	0	0	0	0	15915000	193	0.1076	0.0997	0.135	0.1135	0.1855	0.2085	0.0466	0.2076	0.2768	6.61	5.917	3.782	0.597	0.83	1.204819277	0.869	1.150747986	2.216	2.097	0.476871722	162879.712	146361.829	1.112856495	71764
Chromosome_5_RagTag	22810000	22820000	13.74333333	8.47e-10	8.47e-10	0	0	0	0	0	0	0	0	22815000	201	0.0336	0.1477	0.1442	0.1242	0.1309	0.1485	0.1593	0.1798	0.0086	2.504	3.978	10.856	1.515	1.339	0.74682599	0.149	6.711409396	0.765	1.485	0.673400673	64727.764	128254.176	0.504683481	72447
Chromosome_5_RagTag	28880000	28890000	13.85515152	1.89e-9	1.89e-9	0	0	0	0	0	0	0	0	28885000	156	0.1719	0.1813	0.1122	0.1974	0.1993	0.1967	0.0571	0.1723	0.1501	3	4.71	3.606	1.178	0.571	1.751313485	0.84	1.19047619	1.014	0.579	1.727115717	139243.38	60515.841	2.300941005	73049
Chromosome_5_RagTag	31390000	31400000	13.85212121	2.07e-10	2.07e-10	0	0	0	0	0	0	0	0	31395000	196	0.0994	0.065	0.1663	0.2322	0.1918	0.1456	0.4833	0.1775	0.1095	6.829	2.394	6.766	0.329	0.991	1.009081736	0.333	3.003003003	0.731	0.817	1.223990208	104873.1	120997.98	0.866734304	73299
Chromosome_5_RagTag	32090000	32100000	14.30424242	7.19e-10	7.19e-10	0	0	0	0	0	0	0	0	32095000	242	0.151	0.1649	0.0948	0.1861	0.1765	0.1472	0.0837	0.1842	0.065	2.582	3.931	5.248	0.855	1.156	0.865051903	0.791	1.264222503	1.108	1.122	0.891265597	171659.606	158891.448	1.080357742	73369
Chromosome_5_RagTag	32900000	32910000	13.43454545	2.01e-9	2.01e-9	1	0	0.385	1	0	0	0	0	32905000	174	0.113	0.0918	0.1462	0.2005	0.1765	0.1282	0.3294	0.1516	0.0364	3.935	1.703	6.328	0.353	1.042	0.959692898	0.977	1.023541453	1.349	0.858	1.165501166	158516.252	110037.893	1.440560589	73449
Chromosome_5_RagTag	32910000	32920000	13.79484848	2.01e-9	2.01e-9	0	0	0	0	0	0	0	0	32915000	168	0.0649	0.1002	0.1423	0.1726	0.1687	0.1225	0.3587	0.2313	0.0049	2.656	1.746	9.918	1.042	1.038	0.963391137	0.553	1.808318264	1.121	1.056	0.946969697	120392.677	113741.784	1.058473612	73450
Chromosome_5_RagTag	33690000	33700000	13.56636364	1.66e-9	1.66e-9	0	0	0	0	0	0	0	0	33695000	209	0.1528	0.0995	0.1556	0.1357	0.2378	0.2567	0.0373	0.2139	0.331	4.971	7.131	2.252	0.996	0.563	1.776198934	0.996	1.004016064	1.465	2.468	0.405186386	154485.032	259601.904	0.595084357	73528
Chromosome_5_RagTag	37630000	37640000	13.68090909	9.44e-10	9.44e-10	0	0	0	0	0	0	0	0	37635000	270	0.208	0.219	0.1133	0.2223	0.2281	0.2031	0.0206	0.1799	0.1043	2.102	5.826	3.646	1.902	0.672	1.488095238	1.713	0.583771162	0.996	1.513	0.660938533	177041.74	204889.995	0.864081919	73921
Chromosome_5_RagTag	41670000	41680000	14.44181818	1.08e-9	1.08e-9	0	0	0	0	0	0	0	0	41675000	172	0.0831	0.1136	0.0829	0.127	0.1146	0.1151	0.13	0.1607	0.081	4.54	6.312	7.107	1.023	0.561	1.782531194	0.13	7.692307692	0.822	1.023	0.977517107	84800.432	104873.1	0.808600413	74323
Chromosome_5_RagTag	42100000	42110000	13.82515152	9.93e-10	9.93e-10	0	0	0	0	0	0	0	0	42105000	288	0.0482	0.1247	0.1356	0.1618	0.1433	0.1341	0.309	0.2093	0.0147	2.656	2.64	10.776	1.308	1.294	0.772797527	0.359	2.78551532	0.999	1.408	0.710227273	153060.142	195284.132	0.783781767	74366
Chromosome_5_RagTag	42130000	42140000	13.63515152	2.76e-9	2.76e-9	0	0	0	0	0	0	0	0	42135000	264	0.0469	0.1331	0.1035	0.1156	0.1156	0.1336	0.1271	0.2046	0.0616	1.827	3.558	10.206	1.702	1.672	0.598086124	0.32	3.125	1	1.979	0.50530571	71602.32	129442.068	0.553161125	74369
Chromosome_5_RagTag	42160000	42170000	13.83606061	1.96e-9	1.96e-9	0	0	0	0	0	0	0	0	42165000	265	0.0813	0.1875	0.1844	0.2029	0.1877	0.1865	0.2071	0.1648	0.0014	2.575	1.477	10.052	1.522	1.739	0.575043128	0.033	30.3030303	0.607	1.839	0.54377379	108748.901	205405.876	0.529434226	74372
Chromosome_5_RagTag	42190000	42200000	13.84181818	0	0	0	0	0	0	0	0	0	0	42195000	231	0.0309	0.1419	0.1273	0.1291	0.1117	0.1432	0.2019	0.1608	0.0313	4.002	1.683	11.247	3.131	1	1	0.055	18.18181818	1	3.131	0.319386777	59253.4	185497.5	0.319429642	74375
Chromosome_5_RagTag	42240000	42250000	13.14121212	7.08e-10	7.08e-10	0	0	0	0	0	0	0	0	42245000	190	0.0386	0.1283	0.0824	0.1296	0.0921	0.1118	0.2211	0.2008	0.0309	1.613	2.552	8.873	2.502	0.93	1.075268817	0.209	4.784688995	0.869	1.911	0.523286238	59253.4	137567.698	0.430721753	74380
Chromosome_5_RagTag	43450000	43460000	13.87848485	2.07e-9	2.07e-9	0	0	0	0	0	0	0	0	43455000	238	0.0731	0.172	0.138	0.1835	0.1491	0.1642	0.2032	0.1663	0.0294	2.979	2.019	6.447	1.761	0.969	1.031991744	0.31	3.225806452	0.532	1.364	0.73313783	79452.456	209888.186	0.378546585	74500
Chromosome_5_RagTag	49820000	49830000	13.6769697	9.7e-10	9.7e-10	0	0	0	0	0	0	0	0	49825000	151	0.0277	0.117	0.0805	0.1663	0.0833	0.1308	0.3998	0.2035	0.143	8.091	3.394	11.777	2.816	1	1	0.097	10.30927835	0.694	3.136	0.318877551	23216.51	104873.1	0.221377169	75134
Chromosome_5_RagTag	50420000	50430000	14.47393939	1.85e-9	1.85e-9	0	0	0	0	0	0	0	0	50425000	227	0.0269	0.2182	0.2204	0.2809	0.1878	0.2466	0.3986	0.1913	0.0588	4.1	1.569	7.11	1.643	2.233	0.447828034	0.39	2.564102564	0.651	2.569	0.38925652	81569.141	164857.266	0.494786448	75194
Chromosome_5_RagTag	52960000	52970000	14.182727270000001	1e-9	1e-9	0	0	0	0	0	0	0	0	52965000	180	0.141	0.0638	0.144	0.2026	0.2009	0.1103	0.3342	0.1705	0.0287	3.571	1.475	5.176	0.672	1.339	0.74682599	0.753	1.328021248	1.955	0.937	1.067235859	191244.425	93181.842	2.052378671	75448
Chromosome_5_RagTag	60080000	60090000	14.11878788	1.66e-9	1.66e-9	0	0	0	0	0	0	0	0	60085000	234	0.0785	0.1859	0.119	0.1456	0.1432	0.1803	0.0495	0.1807	0.0863	2.395	5.308	6.143	1.064	0.383	2.610966057	0.911	1.097694841	1.051	0.584	1.712328767	157418.432	82333.252	1.91196665	76141
Chromosome_5_RagTag	61970000	61980000	14.20909091	4.15e-9	4.15e-9	0	0	0	0	0	0	0	0	61975000	264	0.1001	0.1631	0.1297	0.1753	0.1585	0.1651	0.1456	0.1579	0.0613	2.745	2.885	5.361	1.682	0.923	1.083423619	0.275	3.636363636	0.876	1.126	0.888099467	91112.573	104762.286	0.869707759	76330
Chromosome_5_RagTag	65040000	65050000	13.93575758	4.03e-9	4.03e-9	0	0	0	0	0	0	0	0	65045000	260	0.0484	0.1874	0.113	0.1993	0.1105	0.1872	0.2617	0.1503	0.1134	3.729	3.072	6.565	2.132	0.931	1.074113856	0.201	4.975124378	0.811	1.552	0.644329897	122625.207	188851.74	0.649319974	76637
Chromosome_6_RagTag	10960000	10970000	14.22272727	7.63e-10	7.63e-10	0	0	0	0	0	0	0	0	10965000	141	0.109	0.0631	0.1004	0.1722	0.1519	0.0909	0.3391	0.1854	0.0518	6.125	2.132	6.23	0.956	0.782	1.278772379	0.834	1.199040767	1.108	0.848	1.179245283	65640.158	50218.885	1.307081151	78611
Chromosome_6_RagTag	18640000	18650000	13.79818182	9.61e-10	9.61e-10	0	0	0	0	0	0	0	0	18645000	241	0.0827	0.0935	0.109	0.1474	0.1343	0.1079	0.2566	0.1654	0.0317	2.696	2.802	8.515	0.696	0.865	1.156069364	0.28	3.571428571	1.043	0.813	1.2300123	155616.817	122610.468	1.269196827	79378
Chromosome_6_RagTag	18650000	18660000	14.37	9.61e-10	9.61e-10	0	0	0	0	0	0	0	0	18655000	243	0.0699	0.11	0.1034	0.143	0.131	0.1161	0.2323	0.2005	0.0425	3.527	2.793	9.951	0.952	1.192	0.838926174	0.171	5.847953216	1.382	0.983	1.017293998	159358.306	108098.076	1.474201132	79379
Chromosome_6_RagTag	23120000	23130000	13.75727273	1.05e-9	1.05e-9	0	0	0	0	0	0	0	0	23125000	217	0.071	0.1411	0.1133	0.1362	0.1392	0.1355	0.1274	0.1996	0.0323	2.743	4.121	5.79	0.991	0.765	1.307189542	0.395	2.53164557	0.948	0.957	1.044932079	175822.572	177435.06	0.990912236	79825
Chromosome_6_RagTag	24890000	24900000	13.97727273	1.75e-9	1.75e-9	0	0	0	0	0	0	0	0	24895000	165	0.0754	0.0954	0.0685	0.1139	0.1011	0.0837	0.1462	0.1702	0.011	3.035	3.148	7.025	0.949	1	1	0.493	2.028397566	1	1	1	72483.113	72483.113	1	80000
Chromosome_6_RagTag	27240000	27250000	13.87969697	1.3e-9	1.3e-9	0	0	0	0	0	0	0	0	27245000	159	0.0872	0.1413	0.1329	0.1329	0.1593	0.1557	0.0772	0.1797	0.0642	1.813	4.548	7.2	0.917	0.547	1.828153565	0.399	2.506265664	0.996	0.707	1.414427157	161660.227	98463.624	1.641826905	80235
Chromosome_6_RagTag	34330000	34340000	13.81666667	8.98e-10	NA	0	0	0	0	0	0	0	0	34335000	114	0.0336	0.1021	0.1351	0.1174	0.1168	0.13	0.2723	0.1519	0.0455	3.831	3.871	11.704	1	1	1	0.318	3.144654088	0.869	1	1	51509.53	59253.4	0.869309272	80943
Chromosome_6_RagTag	34460000	34470000	14.29212121	5.83e-10	NA	0	0	0	0	0	0	0	0	34465000	111	0.0623	0.0811	0.0855	0.1276	0.1006	0.1228	0.2855	0.1508	0.1917	5.846	7.497	8.199	1.1	0.507	1.972386588	0.383	2.610966057	0.864	1.594	0.627352572	34479.469	59253.4	0.581898575	80956
Chromosome_6_RagTag	34570000	34580000	14.19515152	8.94e-10	8.94e-10	0	0	0	0	0	0	0	0	34575000	154	0.0383	0.0999	0.1125	0.1259	0.1174	0.1239	0.2967	0.2085	0.0767	3.749	4.326	10.359	1.667	1.092	0.915750916	0.216	4.62962963	0.859	1.488	0.672043011	47511.067	75676.492	0.627818042	80967
Chromosome_6_RagTag	34580000	34590000	14.15818182	9.42e-10	9.42e-10	0	0	0	0	0	0	0	0	34585000	139	0.0538	0.1282	0.0895	0.1244	0.1011	0.1373	0.1585	0.1668	0.1183	3.224	5.885	8.759	0.983	1.144	0.874125874	0.175	5.714285714	1	1.221	0.819000819	61078.188	73395.507	0.832178842	80968
Chromosome_6_RagTag	37560000	37570000	13.72090909	9.58e-10	NA	13	0	0.462	13	0	0	0	0	37565000	136	0.0538	0.0557	0.2067	0.314	0.1904	0.2061	0.7083	0.1773	0.2106	13.912	2.732	8.822	0.861	0.925	1.081081081	0.295	3.389830508	0.713	0.861	1.161440186	48670.111	59253.4	0.821389338	81266
Chromosome_6_RagTag	37570000	37580000	13.67878788	9.58e-10	NA	20	1	0.5	21	0	0	0	0	37575000	126	0.0547	0.0537	0.1866	0.3196	0.1877	0.1907	0.715	0.2066	0.2157	12.451	3.133	9.102	0.608	1	1	0.193	5.18134715	0.76	0.982	1.018329939	75220.295	98506.58	0.763606807	81267
Chromosome_6_RagTag	40130000	40140000	12.47242424	9.68e-10	9.68e-10	0	0	0	0	0	0	0	0	40135000	120	0.033	0.0715	0.1094	0.1125	0.1036	0.1091	0.3713	0.1759	0.0918	7.957	4.771	12.084	0.564	0.852	1.17370892	0.178	5.617977528	0.83	1	1	49186.368	59253.4	0.830102036	81523
Chromosome_6_RagTag	40150000	40160000	13.96757576	9.68e-10	9.68e-10	0	0	0	0	0	0	0	0	40155000	114	0.0352	0.0765	0.0893	0.1128	0.0893	0.0976	0.3429	0.1708	0.0809	7.084	3.827	10.436	0.4	0.974	1.026694045	0.126	7.936507937	0.4	0.93	1.075268817	33440.5	82519.447	0.405243869	81525
Chromosome_6_RagTag	40170000	40180000	14.20848485	1.21e-9	1.21e-9	0	0	0	0	0	0	0	0	40175000	170	0.0519	0.0797	0.0931	0.104	0.1195	0.1119	0.2295	0.2392	0.1281	5.768	6.462	11.04	0.917	0.717	1.394700139	0.207	4.830917874	1.112	0.991	1.009081736	102075.857	95749.16	1.066075744	81527
Chromosome_6_RagTag	40180000	40190000	14.15606061	1.21e-9	1.21e-9	0	0	0	0	0	0	0	0	40185000	113	0.0732	0.0773	0.094	0.1087	0.1284	0.1068	0.1854	0.2095	0.1091	3.92	7.968	6.726	1	0.564	1.773049645	0.625	1.6	1.539	1	1	91187.19	59253.4	1.538935994	81528
Chromosome_6_RagTag	42770000	42780000	14.21151515	1.19e-9	1.19e-9	0	0	0	0	0	0	0	0	42775000	152	0.1007	0.1194	0.1136	0.1697	0.1483	0.1416	0.2173	0.1604	0.098	6.092	4.073	5.552	0.915	1.046	0.956022945	0.735	1.360544218	0.891	1.139	0.877963126	85256.629	104873.1	0.812950404	81787
Chromosome_6_RagTag	49360000	49370000	13.42454545	1.39e-9	1.39e-9	0	0	0	0	0	0	0	0	49365000	158	0.0635	0.113	0.1007	0.1289	0.1131	0.128	0.191	0.1554	0.091	7.415	4.289	7.848	0.843	1	1	0.264	3.787878788	1	1	1	104873.1	104873.1	1	82445
Chromosome_6_RagTag	49370000	49380000	14.11939394	1.69e-9	1.69e-9	0	0	0	0	0	0	0	0	49375000	180	0.0499	0.0782	0.1058	0.1134	0.1174	0.112	0.2833	0.1962	0.0967	6.188	5.348	9.877	0.874	1.3	0.769230769	0.278	3.597122302	1.531	1.263	0.791765637	103960.706	87081.417	1.193833421	82446
Chromosome_6_RagTag	51160000	51170000	13.87969697	4.98e-10	4.98e-10	0	0	0	0	0	0	0	0	51165000	235	0.0491	0.15	0.1387	0.1483	0.1293	0.149	0.2008	0.1515	0.016	4.129	1.621	9.374	1.053	2.38	0.420168067	0.444	2.252252252	1.085	1.995	0.501253133	61638.162	90239.926	0.683047568	82625
Chromosome_6_RagTag	56430000	56440000	14.24181818	7.72e-10	7.72e-10	0	0	0	0	0	0	0	0	56435000	315	0.1988	0.1223	0.1142	0.2149	0.2168	0.1597	0.1481	0.1672	0.1505	4.357	4.804	4.818	0.828	0.526	1.901140684	1.417	0.705716302	1.319	0.841	1.189060642	205428.131	121377.283	1.692475939	83151
Chromosome_6_RagTag	57960000	57970000	14.30030303	2.67e-9	2.67e-9	0	0	0	0	0	0	0	0	57965000	308	0.139	0.1472	0.0944	0.1911	0.1757	0.1307	0.1467	0.2065	0.0407	2.585	2.686	4.44	1.205	0.851	1.175088132	0.605	1.652892562	0.856	1.147	0.871839582	144179.509	181010.083	0.796527501	83303
Chromosome_7_RagTag	2670000	2680000	14.09878788	1.31e-9	NA	0	0	0	2	0	0	0	2	2675000	53	0.0236	0.0816	0.097	0.195	0.0966	0.2141	0.5815	0.219	0.4098	16.609	9.283	9.869	0.563	0.563	1.776198934	0.097	10.30927835	0.576	1.772	0.564334086	19272.971	59253.4	0.325263546	84253
Chromosome_7_RagTag	2680000	2690000	14.11151515	1.2e-9	NA	0	0	0	3	0	0	0	3	2685000	61	0.0387	0.0627	0.0725	0.227	0.0764	0.224	0.6407	0.1527	0.5353	16.609	9.318	9.893	0.563	0.563	1.776198934	0.475	2.105263158	0.563	1.772	0.564334086	18834.8	59253.4	0.317868679	84254
Chromosome_7_RagTag	2780000	2790000	13.95363636	2.65e-9	NA	0	0	0	2	0	0	0	2	2785000	77	0.0419	0.0834	0.1441	0.1734	0.1509	0.2129	0.4755	0.2259	0.2974	12.981	5.623	10.824	0.491	0.846	1.182033097	0.311	3.215434084	0.716	1.731	0.577700751	50584.324	104873.1	0.482338407	84261
Chromosome_7_RagTag	2790000	2800000	13.82181818	2.65e-9	NA	0	0	0	0	0	0	0	0	2795000	104	0.0397	0.1342	0.1282	0.2193	0.1203	0.2103	0.4383	0.1688	0.233	7.976	4.988	11.277	0.633	0.607	1.647446458	0.218	4.587155963	1.023	0.922	1.084598698	93443.884	83888.038	1.113911902	84262
Chromosome_7_RagTag	2800000	2810000	13.19666667	2.65e-9	NA	0	0	0	0	0	0	0	0	2805000	85	0.0422	0.183	0.1361	0.2182	0.1278	0.2321	0.325	0.1695	0.1891	10.078	4.512	9.166	0.889	1	1	0.285	3.50877193	0.457	0.961	1.040582726	29643.018	66096.355	0.448481887	84263
Chromosome_7_RagTag	2860000	2870000	14.49121212	2.26e-9	NA	0	0	0	0	0	0	0	0	2865000	118	0.1099	0.1339	0.1267	0.155	0.1653	0.1707	0.1224	0.1653	0.1351	4.727	4.508	5.451	0.591	1.026	0.974658869	0.48	2.083333333	1.046	1.046	0.956022945	104873.155	104873.155	1	84269
Chromosome_7_RagTag	12980000	12990000	14.19515152	2.06e-9	2.06e-9	0	0	0	0	0	0	0	0	12985000	267	0.0572	0.1428	0.1098	0.1394	0.1146	0.1393	0.168	0.1522	0.0499	2.244	3.17	7.223	1	1	1	0.102	9.803921569	0.949	1	1	175960.319	185497.5	0.948585932	85244
Chromosome_7_RagTag	21990000	22000000	14.30606061	7.21e-10	NA	0	0	0	0	0	0	0	0	21995000	59	0.0802	0.0852	0.0846	0.1481	0.1117	0.1079	0.2887	0.1511	0.1197	7.039	5.592	6.058	1.772	1	1	0.316	3.164556962	1	1.772	0.564334086	33440.5	59253.4	0.564364239	86145
Chromosome_7_RagTag	22120000	22130000	15.66181818	1.6e-9	1.6e-9	0	0	0	0	0	0	0	0	22125000	83	0.0427	0.1165	0.0296	0.1878	0.0549	0.1553	0.4109	0.2109	0.3805	12.19	10.506	8.714	1	0.633	1.579778831	1	1	1	2.304	0.434027778	33440.5	77045.083	0.434038081	86158
Chromosome_7_RagTag	22130000	22140000	13.75636364	1.1e-9	NA	0	0	0	4	0	0	0	4	22135000	112	0.0491	0.0823	0.0537	0.1898	0.0752	0.1824	0.4921	0.1876	0.465	16.021	8.208	8.421	1	1	1	1	1	1	1.772	0.564334086	33440.5	59253.4	0.564364239	86159
Chromosome_7_RagTag	22140000	22150000	14.33363636	9.8e-10	NA	0	0	0	2	0	0	0	2	22145000	72	0.0658	0.0742	0.0609	0.1339	0.0867	0.156	0.3191	0.1574	0.3999	16.609	9.755	7.663	1	0.908	1.101321586	1	1	1	1.772	0.564334086	33440.5	59253.4	0.564364239	86160
Chromosome_7_RagTag	24320000	24330000	13.92121212	1.45e-9	1.45e-9	0	0	0	0	0	0	0	0	24325000	166	0.1226	0.1021	0.0989	0.1672	0.1562	0.123	0.2004	0.1729	0.1016	6.842	6.854	6.432	1	1	1	0.459	2.178649237	1	1	1	104873.1	104873.1	1	86378
Chromosome_7_RagTag	26490000	26500000	14.26484848	1.28e-9	1.28e-9	0	0	0	0	0	0	0	0	26495000	223	0.0918	0.11	0.1161	0.1231	0.1415	0.1644	0.1014	0.1515	0.1854	6.528	6.517	3.924	0.81	0.638	1.567398119	0.787	1.27064803	1	1	1	150022.764	150022.764	1	86591
Chromosome_7_RagTag	32510000	32520000	13.95818182	3.35e-9	3.35e-9	0	0	0	0	0	0	0	0	32515000	289	0.1416	0.1719	0.1348	0.2136	0.1927	0.1596	0.1568	0.1658	0.0204	2.376	2.684	6.418	1.126	0.961	1.040582726	0.771	1.297016861	1.589	0.993	1.007049345	188371.768	113741.784	1.656135163	87193
Chromosome_8_RagTag	20980000	20990000	14.57636364	1.63e-9	1.63e-9	0	0	0	0	0	0	0	0	20985000	219	0.0916	0.178	0.0488	0.1618	0.0969	0.1604	0.0931	0.1663	0.1837	2.843	3.785	6.662	4.006	0.943	1.060445387	0.901	1.109877913	0.987	1.902	0.525762355	41184.37	72122.747	0.571031633	90002
Chromosome_8_RagTag	26010000	26020000	13.95272727	1.21e-9	1.21e-9	0	0	0	0	0	0	0	0	26015000	234	0.1676	0.1667	0.1421	0.1887	0.214	0.1729	0.0621	0.1624	0.0571	2.194	4.019	4.869	0.914	0.583	1.715265866	0.959	1.042752868	0.996	0.996	1.004016064	178241.304	178591.351	0.998039955	90505
Chromosome_8_RagTag	32820000	32830000	13.77060606	6.38e-9	6.38e-9	0	0	0	0	0	0	0	0	32825000	402	0.1154	0.1534	0.1189	0.1818	0.1656	0.1519	0.15310000000000001	0.1718	0.0558	2.78	3.295	5.518	1.136	0.852	1.17370892	0.608	1.644736842	1.003	1.073	0.931966449	146702.746	163939.62	0.8948584	91183
Chromosome_8_RagTag	33920000	33930000	14.23909091	2.75e-9	2.75e-9	0	0	0	0	0	0	0	0	33925000	172	0.0544	0.1468	0.1742	0.1902	0.19	0.1652	0.3137	0.2373	0.0144	3.663	3.462	10.631	0.952	0.854	1.170960187	0.081	12.34567901	1.363	0.948	1.054852321	188418.9	136059.125	1.384831043	91293
Chromosome_8_RagTag	34120000	34130000	13.11424242	NA	NA	0	0	0	2	0	0	0	2	34125000	208	0.0279	0.0343	0.2792	0.0688	0.2237	0.2385	0.3836	0.1719	0.1922	5.81	3.047	4.881	0.707	1.375	0.727272727	0.248	4.032258065	1.125	0.957	1.044932079	161048.591	147421.191	1.092438542	91313
Chromosome_9_RagTag	3200000	3210000	14.38363636	8.49e-10	8.49e-10	0	0	0	0	0	0	0	0	3205000	224	0.0273	0.1211	0.1134	0.1148	0.1008	0.1186	0.2194	0.1677	0.0059	2.529	3.007	9.419	0.852	0.804	1.243781095	0.033	30.3030303	0.991	0.826	1.210653753	176660.413	149216.52	1.183919937	91757
Chromosome_9_RagTag	8840000	8850000	14.18	3.46e-9	3.46e-9	0	0	0	0	0	0	0	0	8845000	277	0.0902	0.1483	0.10780000000000001	0.1735	0.1403	0.1355	0.1893	0.1717	0.0289	3.237	2.649	8.301	0.871	0.835	1.19760479	0.137	7.299270073	0.894	0.877	1.140250855	166822.589	162653.44	1.025632099	92321
Chromosome_9_RagTag	19540000	19550000	14.0069697	6.81e-10	6.81e-10	0	0	0	0	0	0	0	0	19545000	279	0.1553	0.2017	0.1356	0.254	0.2313	0.194	0.1783	0.2303	0.0718	3.397	5.881	4.905	0.922	0.762	1.312335958	0.814	1.228501229	1.152	0.978	1.022494888	184483.616	162934.526	1.132256131	93390
Chromosome_9_RagTag	20980000	20990000	14.28878788	8.59e-10	8.59e-10	0	0	0	0	0	0	0	0	20985000	191	0.0427	0.1165	0.104	0.1202	0.1012	0.1168	0.2076	0.1534	0.0294	3.574	3.114	7.505	1.123	1	1	0.178	5.617977528	1	1	1	59253.4	59253.4	1	93534
Chromosome_9_RagTag	21000000	21010000	13.41606061	1.35e-9	1.35e-9	0	0	0	0	0	0	0	0	21005000	180	0.0431	0.1042	0.1185	0.1258	0.1109	0.1227	0.2665	0.1498	0.0482	3.674	2.174	8.431	1.139	1.023	0.977517107	0.203	4.926108374	0.802	1.039	0.962463908	43089.594	55897.723	0.770864924	93536
Chromosome_9_RagTag	21150000	21160000	13.56	1.29e-9	1.29e-9	0	0	0	0	0	0	0	0	21155000	218	0.0718	0.1484	0.1085	0.142	0.1311	0.1438	0.1296	0.1818	0.0576	2.538	6.954	7.014	0.939	0.867	1.153402537	0.496	2.016129032	0.996	1.047	0.955109838	129060.42	138659.454	0.930772596	93551
Chromosome_9_RagTag	27370000	27380000	14.09121212	6.29e-9	6.29e-9	0	0	0	0	0	0	0	0	27375000	526	0.083	0.2167	0.1024	0.1748	0.1304	0.1933	0.0786	0.1679	0.1002	2.277	4.473	4.643	1.778	0.674	1.483679525	0.734	1.36239782	1.165	1.447	0.691085003	223980.98	266329.519	0.840991944	94173
scaffold_113	780000	790000	12.74030303	6.45e-9	6.45e-9	0	0	0	0	0	0	0	0	785000	196	0.122	0.3112	0.2808	0.2983	0.2767	0.3482	0.1621	0.1516	0.0819	2.98	3.265	6.915	1.978	1.086	0.920810313	0.015	66.66666667	1.227	1.455	0.687285223	409942.11	294356.717	1.392671158	98835
scaffold_113	860000	870000	14.81545455	6.45e-9	6.45e-9	0	0	0	0	0	0	0	0	865000	154	0.0569	0.1739	0.149	0.3053	0.1515	0.2605	0.4577	0.1828	0.2375	8.864	4.377	6.073	0.823	0.896	1.116071429	0.184	5.434782609	0.261	12.126	0.082467425	13214.976	462871.09	0.028550014	98841
