chrom	start	end	nSites	recombRate
b'Chromosome_Z_RagTag'	0	53000	178	4.042590540715959e-09
b'Chromosome_Z_RagTag'	53000	106000	112	3.736307965882219e-09
b'Chromosome_Z_RagTag'	106000	159000	794	4.921999823217886e-09
b'Chromosome_Z_RagTag'	159000	212000	1262	4.8828993014087076e-09
b'Chromosome_Z_RagTag'	212000	265000	1231	4.388019615307096e-09
b'Chromosome_Z_RagTag'	265000	318000	1754	5.354054011644223e-09
b'Chromosome_Z_RagTag'	318000	371000	1637	5.9963832047516804e-09
b'Chromosome_Z_RagTag'	371000	424000	1499	5.571660903430346e-09
b'Chromosome_Z_RagTag'	424000	477000	1026	2.517850792484159e-09
b'Chromosome_Z_RagTag'	477000	530000	1162	5.1742905170985285e-09
b'Chromosome_Z_RagTag'	530000	583000	1050	4.66394947530986e-09
b'Chromosome_Z_RagTag'	583000	636000	943	4.102618593459568e-09
b'Chromosome_Z_RagTag'	636000	689000	685	4.819224098155701e-09
b'Chromosome_Z_RagTag'	689000	742000	566	1.0688553407172941e-09
b'Chromosome_Z_RagTag'	742000	795000	73	4.436590203758033e-10
b'Chromosome_Z_RagTag'	1113000	1166000	404	5.00514828317686e-09
b'Chromosome_Z_RagTag'	1166000	1219000	712	4.9453813237176055e-09
b'Chromosome_Z_RagTag'	1219000	1272000	717	3.910514924919842e-09
b'Chromosome_Z_RagTag'	1272000	1325000	603	4.124941301002641e-09
b'Chromosome_Z_RagTag'	1325000	1378000	587	4.9895002972064215e-09
b'Chromosome_Z_RagTag'	1378000	1431000	760	4.9406632061418785e-09
b'Chromosome_Z_RagTag'	1431000	1484000	697	5.077500789947628e-09
b'Chromosome_Z_RagTag'	1484000	1537000	688	5.297232241166178e-09
b'Chromosome_Z_RagTag'	1537000	1590000	722	5.412131488348145e-09
b'Chromosome_Z_RagTag'	1590000	1643000	549	5.442402825756633e-09
b'Chromosome_Z_RagTag'	1643000	1696000	566	4.442773678262977e-09
b'Chromosome_Z_RagTag'	1696000	1749000	503	5.456640860713473e-09
b'Chromosome_Z_RagTag'	1749000	1802000	557	5.722705200454431e-09
b'Chromosome_Z_RagTag'	1802000	1855000	429	5.93110586502543e-09
b'Chromosome_Z_RagTag'	1855000	1908000	450	5.3183073979549105e-09
b'Chromosome_Z_RagTag'	1908000	1961000	1437	1.7884845751313751e-09
b'Chromosome_Z_RagTag'	1961000	2014000	1369	3.2284646535492774e-10
b'Chromosome_Z_RagTag'	2014000	2067000	1539	5.095259861093177e-09
b'Chromosome_Z_RagTag'	2067000	2120000	1427	5.1935929816832245e-09
b'Chromosome_Z_RagTag'	2120000	2173000	551	4.596914808760724e-09
b'Chromosome_Z_RagTag'	2173000	2226000	607	5.685019357468437e-09
b'Chromosome_Z_RagTag'	2226000	2279000	537	5.39007093784658e-09
b'Chromosome_Z_RagTag'	2279000	2332000	429	5.7208637186209274e-09
b'Chromosome_Z_RagTag'	2332000	2385000	355	5.280896004315348e-09
b'Chromosome_Z_RagTag'	2385000	2438000	601	5.278967885371192e-09
b'Chromosome_Z_RagTag'	2438000	2491000	543	5.566624604269523e-09
b'Chromosome_Z_RagTag'	2491000	2544000	525	4.865674590941546e-09
b'Chromosome_Z_RagTag'	2544000	2597000	575	4.899161193453808e-09
b'Chromosome_Z_RagTag'	2597000	2650000	646	5.3405587155732454e-09
b'Chromosome_Z_RagTag'	2650000	2703000	455	5.379275575634571e-09
b'Chromosome_Z_RagTag'	2703000	2756000	433	5.20907383958482e-09
b'Chromosome_Z_RagTag'	2756000	2809000	487	5.364867103142177e-09
b'Chromosome_Z_RagTag'	2809000	2862000	502	5.411797232210458e-09
b'Chromosome_Z_RagTag'	2862000	2915000	455	4.007371077795417e-09
b'Chromosome_Z_RagTag'	2915000	2968000	520	4.685367516488772e-09
b'Chromosome_Z_RagTag'	2968000	3021000	517	5.331147656007835e-09
b'Chromosome_Z_RagTag'	3021000	3074000	435	5.2775384321430535e-09
b'Chromosome_Z_RagTag'	3074000	3127000	391	5.763523926462176e-09
b'Chromosome_Z_RagTag'	3127000	3180000	436	5.051369595393054e-09
b'Chromosome_Z_RagTag'	3180000	3233000	467	5.198706816921247e-09
b'Chromosome_Z_RagTag'	3233000	3286000	333	3.74225986446687e-09
b'Chromosome_Z_RagTag'	3286000	3339000	466	4.79400040665104e-09
b'Chromosome_Z_RagTag'	3339000	3392000	378	5.425668389143473e-09
b'Chromosome_Z_RagTag'	3392000	3445000	421	5.911719009039635e-09
b'Chromosome_Z_RagTag'	3445000	3498000	352	5.2765142703916214e-09
b'Chromosome_Z_RagTag'	3498000	3551000	355	5.687949417458974e-09
b'Chromosome_Z_RagTag'	3551000	3604000	415	5.496237684333876e-09
b'Chromosome_Z_RagTag'	3604000	3657000	323	4.652033031249919e-09
b'Chromosome_Z_RagTag'	3657000	3710000	303	5.46677113831206e-09
b'Chromosome_Z_RagTag'	3710000	3763000	349	5.416959645691971e-09
b'Chromosome_Z_RagTag'	3763000	3816000	350	5.2522041098940944e-09
b'Chromosome_Z_RagTag'	3816000	3869000	264	4.696229777206414e-09
b'Chromosome_Z_RagTag'	3869000	3922000	346	5.1920655446014286e-09
b'Chromosome_Z_RagTag'	3922000	3975000	314	3.952537292150402e-09
b'Chromosome_Z_RagTag'	3975000	4028000	372	3.545459988793965e-09
b'Chromosome_Z_RagTag'	4028000	4081000	437	4.957025800531148e-09
b'Chromosome_Z_RagTag'	4081000	4134000	318	4.925982411817368e-09
b'Chromosome_Z_RagTag'	4134000	4187000	336	1.064616859424004e-09
b'Chromosome_Z_RagTag'	4187000	4240000	431	5.1163781591443765e-09
b'Chromosome_Z_RagTag'	4240000	4293000	497	9.833718156041024e-10
b'Chromosome_Z_RagTag'	4293000	4346000	412	4.808870076968487e-09
b'Chromosome_Z_RagTag'	4346000	4399000	329	5.19877052415541e-09
b'Chromosome_Z_RagTag'	4399000	4452000	363	3.1513757994841084e-09
b'Chromosome_Z_RagTag'	4452000	4505000	376	4.469403302143089e-09
b'Chromosome_Z_RagTag'	4505000	4558000	361	4.892855122833593e-09
b'Chromosome_Z_RagTag'	4558000	4611000	383	5.0553231079635854e-09
b'Chromosome_Z_RagTag'	4611000	4664000	329	3.5318242176806816e-09
b'Chromosome_Z_RagTag'	4664000	4717000	346	4.731286130696261e-09
b'Chromosome_Z_RagTag'	4717000	4770000	374	4.729958088983729e-09
b'Chromosome_Z_RagTag'	4770000	4823000	374	4.994145606514533e-09
b'Chromosome_Z_RagTag'	4823000	4876000	387	4.303398915443236e-09
b'Chromosome_Z_RagTag'	4876000	4929000	309	4.6790912310689445e-09
b'Chromosome_Z_RagTag'	4929000	4982000	393	4.399290004187196e-09
b'Chromosome_Z_RagTag'	4982000	5035000	329	3.743796520777357e-09
b'Chromosome_Z_RagTag'	5035000	5088000	340	4.2663147453246e-09
b'Chromosome_Z_RagTag'	5088000	5141000	262	4.563780546257812e-09
b'Chromosome_Z_RagTag'	5141000	5194000	255	3.6338199132588997e-09
b'Chromosome_Z_RagTag'	5194000	5247000	252	3.926242456286555e-09
b'Chromosome_Z_RagTag'	5247000	5300000	347	5.104277330510605e-09
b'Chromosome_Z_RagTag'	5300000	5353000	298	5.332192147340484e-09
b'Chromosome_Z_RagTag'	5353000	5406000	232	5.226844730254333e-09
b'Chromosome_Z_RagTag'	5406000	5459000	223	1.8146253435003594e-09
b'Chromosome_Z_RagTag'	5459000	5512000	256	4.797281506503292e-09
b'Chromosome_Z_RagTag'	5512000	5565000	229	2.8013288368804555e-09
b'Chromosome_Z_RagTag'	5565000	5618000	231	5.2568524922784366e-09
b'Chromosome_Z_RagTag'	5618000	5671000	207	1.1505854578006553e-09
b'Chromosome_Z_RagTag'	5671000	5724000	198	2.8080134554073686e-10
b'Chromosome_Z_RagTag'	5724000	5777000	238	3.5590717662736022e-09
b'Chromosome_Z_RagTag'	5777000	5830000	269	5.497530740255477e-09
b'Chromosome_Z_RagTag'	5830000	5883000	233	3.6261545382852694e-09
b'Chromosome_Z_RagTag'	5883000	5936000	305	1.7028756448689313e-09
b'Chromosome_Z_RagTag'	5936000	5989000	271	3.5753023809034145e-09
b'Chromosome_Z_RagTag'	5989000	6042000	176	2.0047325762474206e-09
b'Chromosome_Z_RagTag'	6042000	6095000	240	4.732287480766444e-09
b'Chromosome_Z_RagTag'	6095000	6148000	231	2.6952685843040695e-09
b'Chromosome_Z_RagTag'	6148000	6201000	147	1.890742841434441e-09
b'Chromosome_Z_RagTag'	6201000	6254000	167	3.728182575035932e-09
b'Chromosome_Z_RagTag'	6254000	6307000	171	1.520874005265519e-09
b'Chromosome_Z_RagTag'	6307000	6360000	164	4.220796222003273e-09
b'Chromosome_Z_RagTag'	6360000	6413000	194	1.6626293384067369e-09
b'Chromosome_Z_RagTag'	6413000	6466000	192	2.273342250473906e-09
b'Chromosome_Z_RagTag'	6466000	6519000	344	4.096492711482175e-09
b'Chromosome_Z_RagTag'	6519000	6572000	110	8.433565527807823e-10
b'Chromosome_Z_RagTag'	6572000	6625000	122	7.546162760347042e-10
b'Chromosome_Z_RagTag'	6625000	6678000	141	1.718186301625454e-09
b'Chromosome_Z_RagTag'	6678000	6731000	173	4.380830330758713e-09
b'Chromosome_Z_RagTag'	6731000	6784000	149	1.896342459107361e-09
b'Chromosome_Z_RagTag'	6784000	6837000	190	3.842970009521204e-09
b'Chromosome_Z_RagTag'	6837000	6890000	169	2.0298149062454787e-09
b'Chromosome_Z_RagTag'	6890000	6943000	150	9.08633183335596e-10
b'Chromosome_Z_RagTag'	6943000	6996000	139	3.4009160162664326e-09
b'Chromosome_Z_RagTag'	6996000	7049000	153	2.696301374307995e-09
b'Chromosome_Z_RagTag'	7049000	7102000	152	7.367089880586529e-10
b'Chromosome_Z_RagTag'	7102000	7155000	285	2.7999755013866416e-09
b'Chromosome_Z_RagTag'	7155000	7208000	185	3.2598331844899248e-09
b'Chromosome_Z_RagTag'	7208000	7261000	185	4.098440982714689e-09
b'Chromosome_Z_RagTag'	7261000	7314000	194	2.7012354345865335e-09
b'Chromosome_Z_RagTag'	7314000	7367000	202	3.83906897563707e-09
b'Chromosome_Z_RagTag'	7367000	7420000	206	3.0099518266972056e-09
b'Chromosome_Z_RagTag'	7420000	7473000	243	1.8528151709881547e-09
b'Chromosome_Z_RagTag'	7473000	7526000	254	3.8883404933048894e-09
b'Chromosome_Z_RagTag'	7526000	7579000	159	1.7230976684179829e-09
b'Chromosome_Z_RagTag'	7579000	7632000	270	5.0397006521649075e-09
b'Chromosome_Z_RagTag'	7632000	7685000	282	3.969112046994816e-09
b'Chromosome_Z_RagTag'	7685000	7738000	333	4.331597581129494e-09
b'Chromosome_Z_RagTag'	7738000	7791000	266	3.4035433117634437e-09
b'Chromosome_Z_RagTag'	7791000	7844000	317	4.485615788578022e-09
b'Chromosome_Z_RagTag'	7844000	7897000	243	0
b'Chromosome_Z_RagTag'	7897000	7950000	259	9.120660458755378e-10
b'Chromosome_Z_RagTag'	7950000	8003000	320	4.203089274958402e-09
b'Chromosome_Z_RagTag'	8003000	8056000	393	4.774931377664622e-09
b'Chromosome_Z_RagTag'	8056000	8109000	466	4.146150609388359e-09
b'Chromosome_Z_RagTag'	8109000	8162000	606	4.514287708003777e-09
b'Chromosome_Z_RagTag'	8162000	8215000	422	5.2580079689411025e-09
b'Chromosome_Z_RagTag'	8215000	8268000	338	4.780650490724813e-09
b'Chromosome_Z_RagTag'	8268000	8321000	212	5.20738305668185e-09
b'Chromosome_Z_RagTag'	8321000	8374000	229	5.1666475401228085e-09
b'Chromosome_Z_RagTag'	8374000	8427000	346	5.651695155215432e-09
b'Chromosome_Z_RagTag'	8427000	8480000	340	4.542679741102078e-09
b'Chromosome_Z_RagTag'	8480000	8533000	375	4.747235514527768e-09
b'Chromosome_Z_RagTag'	8533000	8586000	392	4.830873420974069e-09
b'Chromosome_Z_RagTag'	8586000	8639000	398	4.453489849664431e-09
b'Chromosome_Z_RagTag'	8639000	8692000	324	3.0506011789265533e-09
b'Chromosome_Z_RagTag'	8692000	8745000	307	5.279823264320426e-09
b'Chromosome_Z_RagTag'	8745000	8798000	290	4.696353409427071e-09
b'Chromosome_Z_RagTag'	8798000	8851000	372	4.407493285696402e-09
b'Chromosome_Z_RagTag'	8851000	8904000	365	5.240001396963759e-09
b'Chromosome_Z_RagTag'	8904000	8957000	316	5.547962285102688e-09
b'Chromosome_Z_RagTag'	8957000	9010000	262	5.374469402605317e-09
b'Chromosome_Z_RagTag'	9010000	9063000	275	4.5718837754966675e-09
b'Chromosome_Z_RagTag'	9063000	9116000	337	5.052977050652082e-09
b'Chromosome_Z_RagTag'	9116000	9169000	344	4.297794983644069e-09
b'Chromosome_Z_RagTag'	9169000	9222000	416	5.1189245573870605e-09
b'Chromosome_Z_RagTag'	9222000	9275000	361	4.830867511212087e-09
b'Chromosome_Z_RagTag'	9275000	9328000	323	5.292192514343407e-09
b'Chromosome_Z_RagTag'	9328000	9381000	302	3.9749010134416294e-09
b'Chromosome_Z_RagTag'	9381000	9434000	316	5.368188389375905e-09
b'Chromosome_Z_RagTag'	9434000	9487000	298	5.4050302001556696e-09
b'Chromosome_Z_RagTag'	9487000	9540000	323	3.932955177628732e-09
b'Chromosome_Z_RagTag'	9540000	9593000	333	4.912856475870248e-09
b'Chromosome_Z_RagTag'	9593000	9646000	457	4.989525590987703e-09
b'Chromosome_Z_RagTag'	9646000	9699000	303	5.211386565838747e-09
b'Chromosome_Z_RagTag'	9699000	9752000	379	5.2411157416830316e-09
b'Chromosome_Z_RagTag'	9752000	9805000	254	5.359015493218357e-09
b'Chromosome_Z_RagTag'	9805000	9858000	295	5.810076303544585e-09
b'Chromosome_Z_RagTag'	9858000	9911000	357	5.541098451146638e-09
b'Chromosome_Z_RagTag'	9911000	9964000	366	5.588101388482533e-09
b'Chromosome_Z_RagTag'	9964000	10017000	447	5.32590191488238e-09
b'Chromosome_Z_RagTag'	10017000	10070000	215	5.479195821902428e-09
b'Chromosome_Z_RagTag'	10070000	10123000	250	5.044799831193215e-09
b'Chromosome_Z_RagTag'	10123000	10176000	210	4.375301039253376e-09
b'Chromosome_Z_RagTag'	10176000	10229000	335	5.137803410232906e-09
b'Chromosome_Z_RagTag'	10229000	10282000	313	3.9590331252278505e-09
b'Chromosome_Z_RagTag'	10282000	10335000	667	9.935085033973997e-11
b'Chromosome_Z_RagTag'	10335000	10388000	360	2.444478438088206e-09
b'Chromosome_Z_RagTag'	10388000	10441000	312	5.430671475441959e-09
b'Chromosome_Z_RagTag'	10441000	10494000	303	4.6141373917135726e-09
b'Chromosome_Z_RagTag'	10494000	10547000	304	3.480449906972533e-09
b'Chromosome_Z_RagTag'	10547000	10600000	299	4.2722001590869565e-09
b'Chromosome_Z_RagTag'	10600000	10653000	296	4.385181983993953e-09
b'Chromosome_Z_RagTag'	10653000	10706000	303	1.2754710207793331e-09
b'Chromosome_Z_RagTag'	10706000	10759000	313	1.2064383818994172e-09
b'Chromosome_Z_RagTag'	10759000	10812000	311	3.899771214027553e-09
b'Chromosome_Z_RagTag'	10812000	10865000	343	1.8477694162081617e-09
b'Chromosome_Z_RagTag'	10865000	10918000	235	2.2317985148662447e-09
b'Chromosome_Z_RagTag'	10918000	10971000	313	3.0242255566164153e-09
b'Chromosome_Z_RagTag'	10971000	11024000	343	4.200018089851742e-09
b'Chromosome_Z_RagTag'	11024000	11077000	344	4.863890551994503e-09
b'Chromosome_Z_RagTag'	11077000	11130000	271	4.6886213132406675e-09
b'Chromosome_Z_RagTag'	11130000	11183000	342	4.405433201767194e-09
b'Chromosome_Z_RagTag'	11183000	11236000	307	4.6098238564431154e-09
b'Chromosome_Z_RagTag'	11236000	11289000	295	2.584395126081671e-09
b'Chromosome_Z_RagTag'	11289000	11342000	399	4.7860158454327776e-09
b'Chromosome_Z_RagTag'	11342000	11395000	374	3.3198695699979267e-09
b'Chromosome_Z_RagTag'	11395000	11448000	278	1.5253900089814707e-09
b'Chromosome_Z_RagTag'	11448000	11501000	467	4.6710454447165515e-09
b'Chromosome_Z_RagTag'	11501000	11554000	400	4.161244318782533e-09
b'Chromosome_Z_RagTag'	11554000	11607000	304	4.894279730056907e-09
b'Chromosome_Z_RagTag'	11607000	11660000	335	3.1919329003289216e-09
b'Chromosome_Z_RagTag'	11660000	11713000	249	3.846089891066594e-09
b'Chromosome_Z_RagTag'	11713000	11766000	234	3.002221148853677e-09
b'Chromosome_Z_RagTag'	11766000	11819000	217	3.5115573464253913e-09
b'Chromosome_Z_RagTag'	11819000	11872000	200	2.3415748257767368e-09
b'Chromosome_Z_RagTag'	11872000	11925000	217	5.2327845138269216e-09
b'Chromosome_Z_RagTag'	11925000	11978000	372	4.441946429780776e-09
b'Chromosome_Z_RagTag'	11978000	12031000	268	5.153439222093663e-09
b'Chromosome_Z_RagTag'	12031000	12084000	236	3.2555372159869574e-09
b'Chromosome_Z_RagTag'	12084000	12137000	292	2.457202096537231e-09
b'Chromosome_Z_RagTag'	12137000	12190000	374	2.820289894515467e-09
b'Chromosome_Z_RagTag'	12190000	12243000	553	4.849996701575479e-09
b'Chromosome_Z_RagTag'	12243000	12296000	553	3.111666749483672e-09
b'Chromosome_Z_RagTag'	12296000	12349000	206	4.790494026672046e-09
b'Chromosome_Z_RagTag'	12349000	12402000	267	9.190894434050935e-10
b'Chromosome_Z_RagTag'	12402000	12455000	245	3.146580027635942e-09
b'Chromosome_Z_RagTag'	12455000	12508000	363	1.8835482971978947e-09
b'Chromosome_Z_RagTag'	12508000	12561000	236	2.701253991239156e-09
b'Chromosome_Z_RagTag'	12561000	12614000	281	3.948125832123908e-09
b'Chromosome_Z_RagTag'	12614000	12667000	323	1.5877214505550738e-09
b'Chromosome_Z_RagTag'	12667000	12720000	246	2.343359928480935e-09
b'Chromosome_Z_RagTag'	12720000	12773000	271	4.0036878186403095e-09
b'Chromosome_Z_RagTag'	12773000	12826000	195	1.8554755094418462e-09
b'Chromosome_Z_RagTag'	12826000	12879000	197	2.174723451989663e-09
b'Chromosome_Z_RagTag'	12879000	12932000	236	8.902122188480934e-10
b'Chromosome_Z_RagTag'	12932000	12985000	276	1.502755620591481e-09
b'Chromosome_Z_RagTag'	12985000	13038000	234	1.1610407723082362e-09
b'Chromosome_Z_RagTag'	13038000	13091000	274	1.4053160560130702e-09
b'Chromosome_Z_RagTag'	13091000	13144000	233	4.97157362521107e-09
b'Chromosome_Z_RagTag'	13144000	13197000	217	3.404778636697685e-09
b'Chromosome_Z_RagTag'	13197000	13250000	168	6.571674016841316e-11
b'Chromosome_Z_RagTag'	13250000	13303000	214	1.2927937151001523e-09
b'Chromosome_Z_RagTag'	13303000	13356000	209	3.547038094697551e-09
b'Chromosome_Z_RagTag'	13356000	13409000	166	3.286087656679437e-09
b'Chromosome_Z_RagTag'	13409000	13462000	215	5.0772758644066035e-09
b'Chromosome_Z_RagTag'	13462000	13515000	207	3.0092423597713e-09
b'Chromosome_Z_RagTag'	13515000	13568000	234	4.707655001850434e-09
b'Chromosome_Z_RagTag'	13568000	13621000	219	4.275127736977461e-09
b'Chromosome_Z_RagTag'	13621000	13674000	238	2.2654134774087506e-09
b'Chromosome_Z_RagTag'	13674000	13727000	294	4.234118834829145e-09
b'Chromosome_Z_RagTag'	13727000	13780000	228	1.2863854055976535e-09
b'Chromosome_Z_RagTag'	13780000	13833000	185	1.2392834206509446e-09
b'Chromosome_Z_RagTag'	13833000	13886000	208	1.8454588174685486e-09
b'Chromosome_Z_RagTag'	13886000	13939000	222	2.9648921372961394e-09
b'Chromosome_Z_RagTag'	13939000	13992000	220	2.5784569972424384e-09
b'Chromosome_Z_RagTag'	13992000	14045000	190	1.2320172500991794e-09
b'Chromosome_Z_RagTag'	14045000	14098000	210	4.701760487054627e-09
b'Chromosome_Z_RagTag'	14098000	14151000	233	4.722790020480861e-09
b'Chromosome_Z_RagTag'	14151000	14204000	245	2.0890271754451296e-09
b'Chromosome_Z_RagTag'	14204000	14257000	198	3.254368604878287e-09
b'Chromosome_Z_RagTag'	14257000	14310000	155	5.017170157390556e-09
b'Chromosome_Z_RagTag'	14310000	14363000	186	1.5191405538810408e-09
b'Chromosome_Z_RagTag'	14363000	14416000	193	3.80435290624213e-09
b'Chromosome_Z_RagTag'	14416000	14469000	219	2.7004338935689528e-09
b'Chromosome_Z_RagTag'	14469000	14522000	213	2.7689274439608957e-09
b'Chromosome_Z_RagTag'	14522000	14575000	181	4.178886758878333e-10
b'Chromosome_Z_RagTag'	14575000	14628000	293	1.791814962398554e-09
b'Chromosome_Z_RagTag'	14628000	14681000	406	5.241492693953996e-10
b'Chromosome_Z_RagTag'	14681000	14734000	220	2.6320616705904944e-09
b'Chromosome_Z_RagTag'	14734000	14787000	451	2.026294342837728e-09
b'Chromosome_Z_RagTag'	14787000	14840000	182	1.2300301517304455e-09
b'Chromosome_Z_RagTag'	14840000	14893000	197	3.979590882355083e-09
b'Chromosome_Z_RagTag'	14893000	14946000	155	2.5940350116310142e-09
b'Chromosome_Z_RagTag'	14946000	14999000	156	1.4007047869339735e-09
b'Chromosome_Z_RagTag'	14999000	15052000	145	2.8921844538302706e-09
b'Chromosome_Z_RagTag'	15052000	15105000	159	3.3130177624075097e-09
b'Chromosome_Z_RagTag'	15105000	15158000	124	3.021816442144567e-09
b'Chromosome_Z_RagTag'	15158000	15211000	118	1.148735938690856e-09
b'Chromosome_Z_RagTag'	15211000	15264000	90	6.703700186900058e-10
b'Chromosome_Z_RagTag'	15264000	15317000	131	1.6642006259224368e-09
b'Chromosome_Z_RagTag'	15317000	15370000	67	1.1419756437647263e-09
b'Chromosome_Z_RagTag'	15370000	15423000	128	5.270682399072819e-09
b'Chromosome_Z_RagTag'	15423000	15476000	120	3.2397937134884885e-09
b'Chromosome_Z_RagTag'	15476000	15529000	116	2.001748028251412e-09
b'Chromosome_Z_RagTag'	15529000	15582000	118	2.422943029036337e-09
b'Chromosome_Z_RagTag'	15582000	15635000	89	3.1516377477869107e-10
b'Chromosome_Z_RagTag'	15635000	15688000	102	2.0167089452938566e-09
b'Chromosome_Z_RagTag'	15688000	15741000	108	4.1624009182999755e-09
b'Chromosome_Z_RagTag'	15741000	15794000	134	2.1526592374356696e-09
b'Chromosome_Z_RagTag'	15794000	15847000	104	7.629904087628021e-10
b'Chromosome_Z_RagTag'	15847000	15900000	105	9.868281084532629e-11
b'Chromosome_Z_RagTag'	15900000	15953000	62	1.6388048698006405e-10
b'Chromosome_Z_RagTag'	15953000	16006000	80	4.374005501231743e-09
b'Chromosome_Z_RagTag'	16006000	16059000	75	5.169296677680506e-10
b'Chromosome_Z_RagTag'	16059000	16112000	82	2.8475899494465575e-10
b'Chromosome_Z_RagTag'	16112000	16165000	71	2.557983158735346e-09
b'Chromosome_Z_RagTag'	16165000	16218000	68	1.6105468424523128e-09
b'Chromosome_Z_RagTag'	16218000	16271000	68	1.6792934488523133e-09
b'Chromosome_Z_RagTag'	16271000	16324000	73	4.0251738497337823e-10
b'Chromosome_Z_RagTag'	16324000	16377000	94	2.175389482165003e-09
b'Chromosome_Z_RagTag'	16377000	16430000	110	1.8089581181503686e-09
b'Chromosome_Z_RagTag'	16430000	16483000	98	1.3514625225879643e-09
b'Chromosome_Z_RagTag'	16483000	16536000	115	6.926247639702897e-10
b'Chromosome_Z_RagTag'	16536000	16589000	105	7.318395805761946e-10
b'Chromosome_Z_RagTag'	16589000	16642000	67	6.263711315646581e-10
b'Chromosome_Z_RagTag'	16642000	16695000	97	8.23068576288015e-10
b'Chromosome_Z_RagTag'	16695000	16748000	92	3.133301383439214e-09
b'Chromosome_Z_RagTag'	16748000	16801000	72	2.034124186487309e-09
b'Chromosome_Z_RagTag'	16801000	16854000	90	8.504693059115021e-10
b'Chromosome_Z_RagTag'	16854000	16907000	57	4.137763593379141e-09
b'Chromosome_Z_RagTag'	16907000	16960000	365	6.660705486530643e-10
b'Chromosome_Z_RagTag'	16960000	17013000	79	3.0379402821497745e-09
b'Chromosome_Z_RagTag'	17013000	17066000	66	6.735461611694616e-10
b'Chromosome_Z_RagTag'	17066000	17119000	80	1.16983331618464e-09
b'Chromosome_Z_RagTag'	17119000	17172000	92	2.0772713863676224e-10
b'Chromosome_Z_RagTag'	17172000	17225000	86	1.9131170821019957e-09
b'Chromosome_Z_RagTag'	17225000	17278000	126	5.265448505123098e-10
b'Chromosome_Z_RagTag'	17278000	17331000	165	1.6877999602488018e-09
b'Chromosome_Z_RagTag'	17331000	17384000	129	3.2635520923871473e-10
b'Chromosome_Z_RagTag'	17384000	17437000	199	4.4235400624053685e-09
b'Chromosome_Z_RagTag'	17437000	17490000	156	5.618605688708341e-09
b'Chromosome_Z_RagTag'	17490000	17543000	157	3.988182671616968e-09
b'Chromosome_Z_RagTag'	17543000	17596000	123	1.9642820284111377e-09
b'Chromosome_Z_RagTag'	17596000	17649000	179	2.7877928816470435e-09
b'Chromosome_Z_RagTag'	17649000	17702000	236	1.4727727977629406e-09
b'Chromosome_Z_RagTag'	17702000	17755000	246	1.1324661275647003e-09
b'Chromosome_Z_RagTag'	17755000	17808000	233	2.2714638011821692e-10
b'Chromosome_Z_RagTag'	17808000	17861000	232	3.2712056940570686e-09
b'Chromosome_Z_RagTag'	17861000	17914000	189	3.9793433224256694e-09
b'Chromosome_Z_RagTag'	17914000	17967000	105	1.7702397215509282e-09
b'Chromosome_Z_RagTag'	17967000	18020000	95	2.097373886877632e-09
b'Chromosome_Z_RagTag'	18020000	18073000	98	2.1302742410013085e-09
b'Chromosome_Z_RagTag'	18073000	18126000	91	7.329231945331627e-10
b'Chromosome_Z_RagTag'	18126000	18179000	104	7.497000632373507e-10
b'Chromosome_Z_RagTag'	18179000	18232000	104	1.651463579965486e-10
b'Chromosome_Z_RagTag'	18232000	18285000	161	2.3050735354823583e-09
b'Chromosome_Z_RagTag'	18285000	18338000	141	2.213729299411894e-09
b'Chromosome_Z_RagTag'	18338000	18391000	232	1.268998176675994e-09
b'Chromosome_Z_RagTag'	18391000	18444000	681	0
b'Chromosome_Z_RagTag'	18444000	18497000	463	2.7408596480566834e-10
b'Chromosome_Z_RagTag'	18497000	18550000	111	7.69558991010245e-10
b'Chromosome_Z_RagTag'	18550000	18603000	236	2.8734704833437147e-09
b'Chromosome_Z_RagTag'	18603000	18656000	198	2.0261179955401935e-09
b'Chromosome_Z_RagTag'	18656000	18709000	177	2.075885755921617e-09
b'Chromosome_Z_RagTag'	18709000	18762000	169	3.595529944854324e-09
b'Chromosome_Z_RagTag'	18762000	18815000	178	3.912141941491029e-09
b'Chromosome_Z_RagTag'	18815000	18868000	133	1.4156787054527777e-09
b'Chromosome_Z_RagTag'	18868000	18921000	234	3.827371251868073e-09
b'Chromosome_Z_RagTag'	18921000	18974000	178	8.983246673156411e-10
b'Chromosome_Z_RagTag'	18974000	19027000	76	1.5736039747426604e-09
b'Chromosome_Z_RagTag'	19027000	19080000	72	4.931289287533486e-10
b'Chromosome_Z_RagTag'	19080000	19133000	75	1.478480918665845e-09
b'Chromosome_Z_RagTag'	19133000	19186000	111	1.7192082176673333e-09
b'Chromosome_Z_RagTag'	19186000	19239000	75	8.326861229370669e-10
b'Chromosome_Z_RagTag'	19239000	19292000	66	6.055661690937299e-10
b'Chromosome_Z_RagTag'	19292000	19345000	83	3.0689733878777064e-09
b'Chromosome_Z_RagTag'	19345000	19398000	96	1.4321411748195377e-09
b'Chromosome_Z_RagTag'	19398000	19451000	61	2.7802281184741127e-10
b'Chromosome_Z_RagTag'	19451000	19504000	103	9.420644704757097e-10
b'Chromosome_Z_RagTag'	19504000	19557000	96	1.233343873468836e-09
b'Chromosome_Z_RagTag'	19557000	19610000	82	1.1624754261269187e-09
b'Chromosome_Z_RagTag'	19610000	19663000	175	1.1696087452293347e-09
b'Chromosome_Z_RagTag'	19663000	19716000	103	1.2598101515277733e-09
b'Chromosome_Z_RagTag'	19716000	19769000	98	1.0085109975124245e-09
b'Chromosome_Z_RagTag'	19769000	19822000	102	7.234481913431097e-10
b'Chromosome_Z_RagTag'	19822000	19875000	125	3.1742970477206906e-09
b'Chromosome_Z_RagTag'	19875000	19928000	210	3.0015363256352354e-09
b'Chromosome_Z_RagTag'	19928000	19981000	158	1.0694042394101564e-09
b'Chromosome_Z_RagTag'	19981000	20034000	175	4.9750930066664245e-09
b'Chromosome_Z_RagTag'	20034000	20087000	177	2.4265076792684714e-09
b'Chromosome_Z_RagTag'	20087000	20140000	215	4.542580929881744e-09
b'Chromosome_Z_RagTag'	20140000	20193000	239	4.35370629619121e-09
b'Chromosome_Z_RagTag'	20193000	20246000	189	3.1078171305287793e-09
b'Chromosome_Z_RagTag'	20246000	20299000	207	3.775124760018656e-09
b'Chromosome_Z_RagTag'	20299000	20352000	161	7.862249925796557e-10
b'Chromosome_Z_RagTag'	20352000	20405000	147	1.5989581537918777e-09
b'Chromosome_Z_RagTag'	20405000	20458000	190	5.205225666624576e-10
b'Chromosome_Z_RagTag'	20458000	20511000	138	3.25104406827547e-09
b'Chromosome_Z_RagTag'	20511000	20564000	144	2.224730675926586e-09
b'Chromosome_Z_RagTag'	20564000	20617000	117	1.79033551258405e-09
b'Chromosome_Z_RagTag'	20617000	20670000	103	2.6543279399066425e-09
b'Chromosome_Z_RagTag'	20670000	20723000	133	3.9116449581601366e-10
b'Chromosome_Z_RagTag'	20723000	20776000	169	2.332058336057572e-09
b'Chromosome_Z_RagTag'	20776000	20829000	117	2.2239834456216175e-09
b'Chromosome_Z_RagTag'	20829000	20882000	90	2.8515724512966472e-09
b'Chromosome_Z_RagTag'	20882000	20935000	124	1.940493463506118e-09
b'Chromosome_Z_RagTag'	20935000	20988000	125	2.7011149345397263e-09
b'Chromosome_Z_RagTag'	20988000	21041000	113	1.7635204403729516e-09
b'Chromosome_Z_RagTag'	21041000	21094000	74	1.8743289503111706e-09
b'Chromosome_Z_RagTag'	21094000	21147000	67	2.6195743435231188e-09
b'Chromosome_Z_RagTag'	21147000	21200000	102	2.6682735874923987e-10
b'Chromosome_Z_RagTag'	21200000	21253000	60	1.3324527094166033e-09
b'Chromosome_Z_RagTag'	21253000	21306000	89	2.520327691925938e-09
b'Chromosome_Z_RagTag'	21306000	21359000	98	9.621049461366829e-10
b'Chromosome_Z_RagTag'	21359000	21412000	83	7.21062538626329e-10
b'Chromosome_Z_RagTag'	21412000	21465000	100	3.1103365802568262e-09
b'Chromosome_Z_RagTag'	21465000	21518000	81	1.7235495288191053e-09
b'Chromosome_Z_RagTag'	21518000	21571000	103	2.7626936497297175e-09
b'Chromosome_Z_RagTag'	21571000	21624000	135	6.9149954528897e-10
b'Chromosome_Z_RagTag'	21624000	21677000	126	2.855165409288674e-09
b'Chromosome_Z_RagTag'	21677000	21730000	143	6.130819679916026e-10
b'Chromosome_Z_RagTag'	21730000	21783000	738	0
b'Chromosome_Z_RagTag'	21783000	21836000	165	2.3882601725037346e-09
b'Chromosome_Z_RagTag'	21836000	21889000	152	2.6705957417137246e-09
b'Chromosome_Z_RagTag'	21889000	21942000	144	1.4646726416003151e-09
b'Chromosome_Z_RagTag'	21942000	21995000	177	3.3836810671366366e-09
b'Chromosome_Z_RagTag'	21995000	22048000	106	2.9648244705214484e-09
b'Chromosome_Z_RagTag'	22048000	22101000	113	8.143039264881649e-10
b'Chromosome_Z_RagTag'	22101000	22154000	136	5.220940905686367e-10
b'Chromosome_Z_RagTag'	22154000	22207000	108	1.0043377599914128e-09
b'Chromosome_Z_RagTag'	22207000	22260000	58	1.6471672735482426e-09
b'Chromosome_Z_RagTag'	22260000	22313000	84	2.8382900248522512e-09
b'Chromosome_Z_RagTag'	22313000	22366000	67	1.6345452039076838e-09
b'Chromosome_Z_RagTag'	22366000	22419000	53	2.1172221770789598e-09
b'Chromosome_Z_RagTag'	22419000	22472000	55	2.4843201031475124e-09
b'Chromosome_Z_RagTag'	22525000	22578000	64	2.4423489144557133e-09
b'Chromosome_Z_RagTag'	22578000	22631000	77	3.1410296973779497e-09
b'Chromosome_Z_RagTag'	22631000	22684000	77	8.254123878899653e-10
b'Chromosome_Z_RagTag'	22684000	22737000	81	3.55571181352507e-10
b'Chromosome_Z_RagTag'	22737000	22790000	57	8.077677297363821e-10
b'Chromosome_Z_RagTag'	22790000	22843000	54	1.8578467423393916e-09
b'Chromosome_Z_RagTag'	22843000	22896000	62	1.3533446635839026e-09
b'Chromosome_Z_RagTag'	22949000	23002000	71	2.1671586020673416e-09
b'Chromosome_Z_RagTag'	23002000	23055000	73	1.0647733499212802e-09
b'Chromosome_Z_RagTag'	23055000	23108000	117	8.192648170861003e-10
b'Chromosome_Z_RagTag'	23108000	23161000	92	8.362234700688456e-10
b'Chromosome_Z_RagTag'	23161000	23214000	148	1.3108147068967319e-09
b'Chromosome_Z_RagTag'	23214000	23267000	119	2.7032783211083746e-09
b'Chromosome_Z_RagTag'	23267000	23320000	130	4.0821116011877575e-09
b'Chromosome_Z_RagTag'	23320000	23373000	100	9.636431389852848e-10
b'Chromosome_Z_RagTag'	23373000	23426000	127	3.0697263506517976e-09
b'Chromosome_Z_RagTag'	23426000	23479000	99	5.863270571574783e-10
b'Chromosome_Z_RagTag'	23479000	23532000	136	3.150254954026655e-09
b'Chromosome_Z_RagTag'	23532000	23585000	111	1.186985809360386e-09
b'Chromosome_Z_RagTag'	23585000	23638000	117	3.732403799824235e-09
b'Chromosome_Z_RagTag'	23638000	23691000	134	3.0614935203326824e-09
b'Chromosome_Z_RagTag'	23691000	23744000	121	2.0148107297453278e-09
b'Chromosome_Z_RagTag'	23744000	23797000	120	2.01190667270751e-09
b'Chromosome_Z_RagTag'	23797000	23850000	91	1.4593251343735353e-09
b'Chromosome_Z_RagTag'	23850000	23903000	84	2.1033212349455566e-09
b'Chromosome_Z_RagTag'	23903000	23956000	113	2.633132578559202e-09
b'Chromosome_Z_RagTag'	23956000	24009000	114	1.7795376682720087e-09
b'Chromosome_Z_RagTag'	24009000	24062000	101	2.4681761385057175e-10
b'Chromosome_Z_RagTag'	24062000	24115000	102	1.8939705170383775e-09
b'Chromosome_Z_RagTag'	24115000	24168000	81	1.0850535255282317e-09
b'Chromosome_Z_RagTag'	24168000	24221000	96	8.155511226567873e-10
b'Chromosome_Z_RagTag'	24221000	24274000	73	1.2207877567719932e-09
b'Chromosome_Z_RagTag'	24274000	24327000	126	1.151758427358787e-09
b'Chromosome_Z_RagTag'	24327000	24380000	139	2.0854534241795435e-09
b'Chromosome_Z_RagTag'	24380000	24433000	138	1.4858912874099638e-09
b'Chromosome_Z_RagTag'	24433000	24486000	111	2.317095055110335e-09
b'Chromosome_Z_RagTag'	24486000	24539000	107	1.950119756602903e-09
b'Chromosome_Z_RagTag'	24539000	24592000	160	5.894190446263141e-10
b'Chromosome_Z_RagTag'	24592000	24645000	96	1.193145908859652e-09
b'Chromosome_Z_RagTag'	24645000	24698000	87	5.419371801794202e-10
b'Chromosome_Z_RagTag'	24698000	24751000	141	3.5828563273148797e-09
b'Chromosome_Z_RagTag'	24751000	24804000	162	2.47247835847902e-09
b'Chromosome_Z_RagTag'	24804000	24857000	245	3.6652599651968925e-09
b'Chromosome_Z_RagTag'	24857000	24910000	694	0
b'Chromosome_Z_RagTag'	24910000	24963000	157	1.8977444910399042e-09
b'Chromosome_Z_RagTag'	24963000	25016000	162	2.1853023987179013e-09
b'Chromosome_Z_RagTag'	25016000	25069000	168	2.011972625651226e-09
b'Chromosome_Z_RagTag'	25069000	25122000	115	2.8539677960230785e-09
b'Chromosome_Z_RagTag'	25122000	25175000	90	6.549188277935573e-10
b'Chromosome_Z_RagTag'	25175000	25228000	108	1.3497756401279019e-09
b'Chromosome_Z_RagTag'	25228000	25281000	134	6.470255133002923e-10
b'Chromosome_Z_RagTag'	25281000	25334000	103	2.8716741520917507e-09
b'Chromosome_Z_RagTag'	25334000	25387000	120	7.438094488844505e-10
b'Chromosome_Z_RagTag'	25387000	25440000	162	4.779588061367511e-10
b'Chromosome_Z_RagTag'	25440000	25493000	124	3.8855261741057267e-10
b'Chromosome_Z_RagTag'	25493000	25546000	144	9.663219158963594e-10
b'Chromosome_Z_RagTag'	25546000	25599000	159	1.8377000091579874e-09
b'Chromosome_Z_RagTag'	25599000	25652000	163	1.4991022057343814e-09
b'Chromosome_Z_RagTag'	25652000	25705000	148	3.3177916976851538e-09
b'Chromosome_Z_RagTag'	25705000	25758000	126	3.678777422875302e-09
b'Chromosome_Z_RagTag'	25758000	25811000	116	1.6119181436225512e-09
b'Chromosome_Z_RagTag'	25811000	25864000	86	9.961364287036602e-10
b'Chromosome_Z_RagTag'	25864000	25917000	73	2.3558591932675136e-09
b'Chromosome_Z_RagTag'	25917000	25970000	64	5.484199526828884e-10
b'Chromosome_Z_RagTag'	25970000	26023000	78	3.316468101171472e-10
b'Chromosome_Z_RagTag'	26023000	26076000	119	1.1632462954798142e-09
b'Chromosome_Z_RagTag'	26076000	26129000	279	3.555286310662385e-10
b'Chromosome_Z_RagTag'	26129000	26182000	114	1.9576025790289175e-09
b'Chromosome_Z_RagTag'	26182000	26235000	804	0
b'Chromosome_Z_RagTag'	26235000	26288000	320	3.6935389002252683e-09
b'Chromosome_Z_RagTag'	26288000	26341000	170	1.025075823956708e-09
b'Chromosome_Z_RagTag'	26341000	26394000	107	5.065826200999749e-10
b'Chromosome_Z_RagTag'	26394000	26447000	142	1.0648929635037902e-09
b'Chromosome_Z_RagTag'	26447000	26500000	107	7.336051810658536e-10
b'Chromosome_Z_RagTag'	26500000	26553000	131	8.94952320738392e-10
b'Chromosome_Z_RagTag'	26553000	26606000	124	6.812019032310616e-10
b'Chromosome_Z_RagTag'	26606000	26659000	158	1.8255766052334462e-09
b'Chromosome_Z_RagTag'	26659000	26712000	147	1.612664428365603e-09
b'Chromosome_Z_RagTag'	26712000	26765000	96	2.122737876131739e-09
b'Chromosome_Z_RagTag'	26765000	26818000	121	4.404621082275666e-09
b'Chromosome_Z_RagTag'	26818000	26871000	111	1.0488136831039246e-09
b'Chromosome_Z_RagTag'	26871000	26924000	103	1.5014081948596486e-09
b'Chromosome_Z_RagTag'	26924000	26977000	131	1.0417768113170504e-09
b'Chromosome_Z_RagTag'	26977000	27030000	96	3.6400488448138105e-10
b'Chromosome_Z_RagTag'	27030000	27083000	93	1.3256179514895037e-09
b'Chromosome_Z_RagTag'	27083000	27136000	98	0
b'Chromosome_Z_RagTag'	27136000	27189000	76	6.407138875038147e-10
b'Chromosome_Z_RagTag'	27189000	27242000	140	1.6091435103721335e-09
b'Chromosome_Z_RagTag'	27242000	27295000	133	7.141727017175597e-10
b'Chromosome_Z_RagTag'	27295000	27348000	127	7.57096012162234e-10
b'Chromosome_Z_RagTag'	27348000	27401000	141	3.774982894285245e-10
b'Chromosome_Z_RagTag'	27401000	27454000	62	1.1156847674414063e-09
b'Chromosome_Z_RagTag'	27454000	27507000	106	1.0191778814989508e-09
b'Chromosome_Z_RagTag'	27507000	27560000	82	3.574881325136622e-09
b'Chromosome_Z_RagTag'	27560000	27613000	79	1.0774696738240981e-10
b'Chromosome_Z_RagTag'	27613000	27666000	53	6.216910728560939e-10
b'Chromosome_Z_RagTag'	27666000	27719000	65	1.4473030237693607e-09
b'Chromosome_Z_RagTag'	27719000	27772000	54	1.036437932342764e-09
b'Chromosome_Z_RagTag'	27772000	27825000	69	3.585169747965839e-09
b'Chromosome_Z_RagTag'	27825000	27878000	59	0
b'Chromosome_Z_RagTag'	27878000	27931000	87	1.2288654558390881e-09
b'Chromosome_Z_RagTag'	27931000	27984000	73	1.5234439520126602e-10
b'Chromosome_Z_RagTag'	27984000	28037000	72	9.901640232449335e-10
b'Chromosome_Z_RagTag'	28037000	28090000	107	8.229494354864637e-10
b'Chromosome_Z_RagTag'	28090000	28143000	108	1.18494434118142e-09
b'Chromosome_Z_RagTag'	28143000	28196000	95	7.119534678981843e-10
b'Chromosome_Z_RagTag'	28196000	28249000	138	8.809390931273362e-10
b'Chromosome_Z_RagTag'	28249000	28302000	148	1.2870201140344906e-09
b'Chromosome_Z_RagTag'	28302000	28355000	132	9.073696762239041e-10
b'Chromosome_Z_RagTag'	28355000	28408000	95	1.4616246227606227e-09
b'Chromosome_Z_RagTag'	28408000	28461000	95	2.4296808668669366e-09
b'Chromosome_Z_RagTag'	28461000	28514000	128	2.2300440247291115e-09
b'Chromosome_Z_RagTag'	28514000	28567000	168	2.1188750193100075e-09
b'Chromosome_Z_RagTag'	28567000	28620000	196	4.732574722850527e-10
b'Chromosome_Z_RagTag'	28620000	28673000	112	4.14440447966739e-10
b'Chromosome_Z_RagTag'	28673000	28726000	104	8.541510876261137e-10
b'Chromosome_Z_RagTag'	28726000	28779000	100	1.2390222091713522e-09
b'Chromosome_Z_RagTag'	28779000	28832000	114	1.9904148776990666e-09
b'Chromosome_Z_RagTag'	28832000	28885000	92	3.1878637928140274e-09
b'Chromosome_Z_RagTag'	28885000	28938000	82	2.6193651379489656e-09
b'Chromosome_Z_RagTag'	28938000	28991000	56	1.3687561408798335e-09
b'Chromosome_Z_RagTag'	28991000	29044000	51	5.335642294037182e-10
b'Chromosome_Z_RagTag'	29044000	29097000	86	1.118996125275004e-09
b'Chromosome_Z_RagTag'	29097000	29150000	64	1.64539316300133e-09
b'Chromosome_Z_RagTag'	29150000	29203000	67	4.733238980097271e-10
b'Chromosome_Z_RagTag'	29203000	29256000	85	3.333928273227432e-09
b'Chromosome_Z_RagTag'	29256000	29309000	70	4.068820782881347e-09
b'Chromosome_Z_RagTag'	29309000	29362000	71	0
b'Chromosome_Z_RagTag'	29362000	29415000	75	1.8068808644655668e-10
b'Chromosome_Z_RagTag'	29415000	29468000	83	2.1781612787296695e-09
b'Chromosome_Z_RagTag'	29468000	29521000	86	1.0215131830436477e-09
b'Chromosome_Z_RagTag'	29521000	29574000	70	2.4838555958557494e-09
b'Chromosome_Z_RagTag'	29574000	29627000	61	9.08023768680041e-10
b'Chromosome_Z_RagTag'	29627000	29680000	80	1.0888116890194191e-10
b'Chromosome_Z_RagTag'	29680000	29733000	76	2.327789714978175e-09
b'Chromosome_Z_RagTag'	29733000	29786000	60	1.4939770237533537e-09
b'Chromosome_Z_RagTag'	29786000	29839000	65	8.59385954789522e-10
b'Chromosome_Z_RagTag'	29839000	29892000	60	1.384374932626083e-09
b'Chromosome_Z_RagTag'	29892000	29945000	99	2.778310254864034e-09
b'Chromosome_Z_RagTag'	29945000	29998000	76	1.626300613162225e-09
b'Chromosome_Z_RagTag'	30051000	30104000	66	3.111981621602058e-09
b'Chromosome_Z_RagTag'	30104000	30157000	77	1.3353955344930208e-09
b'Chromosome_Z_RagTag'	30157000	30210000	85	8.149736207159332e-10
b'Chromosome_Z_RagTag'	30210000	30263000	87	1.3142040735884882e-09
b'Chromosome_Z_RagTag'	30263000	30316000	69	2.1251582782489727e-09
b'Chromosome_Z_RagTag'	30316000	30369000	86	1.7668543734973194e-09
b'Chromosome_Z_RagTag'	30369000	30422000	94	1.7353247295676835e-09
b'Chromosome_Z_RagTag'	30422000	30475000	72	1.127684893731009e-09
b'Chromosome_Z_RagTag'	30475000	30528000	80	1.2589019393064225e-09
b'Chromosome_Z_RagTag'	30793000	30846000	66	1.1655650496909622e-09
b'Chromosome_Z_RagTag'	30846000	30899000	83	0
b'Chromosome_Z_RagTag'	30899000	30952000	109	5.650452950898645e-10
b'Chromosome_Z_RagTag'	31270000	31323000	52	5.841962333773491e-10
b'Chromosome_Z_RagTag'	31323000	31376000	52	1.1720381301847803e-09
b'Chromosome_Z_RagTag'	31482000	31535000	100	1.134474501076568e-09
b'Chromosome_Z_RagTag'	31694000	31747000	52	1.1885932646194137e-09
b'Chromosome_Z_RagTag'	31853000	31906000	54	8.144450516042881e-10
b'Chromosome_Z_RagTag'	31906000	31959000	68	9.523252356188524e-10
b'Chromosome_Z_RagTag'	32012000	32065000	71	1.0552357032542208e-09
b'Chromosome_Z_RagTag'	32224000	32277000	129	8.230179887254514e-10
b'Chromosome_Z_RagTag'	32277000	32330000	137	1.13460971643071e-09
b'Chromosome_Z_RagTag'	32383000	32436000	51	8.053395267333325e-10
b'Chromosome_Z_RagTag'	32807000	32860000	54	4.888895018981415e-10
b'Chromosome_Z_RagTag'	32913000	32966000	75	4.6286125539728916e-10
b'Chromosome_Z_RagTag'	33072000	33125000	71	7.138554656943811e-10
b'Chromosome_Z_RagTag'	33284000	33337000	108	4.989687191532054e-10
b'Chromosome_Z_RagTag'	33867000	33920000	86	1.0262913438011083e-09
b'Chromosome_Z_RagTag'	34079000	34132000	101	8.875788289090388e-10
b'Chromosome_Z_RagTag'	34132000	34185000	127	1.2609457713901807e-09
b'Chromosome_Z_RagTag'	34185000	34238000	74	8.4376148967177e-10
b'Chromosome_Z_RagTag'	34291000	34344000	229	4.5544190381495783e-10
b'Chromosome_Z_RagTag'	34450000	34503000	68	6.458712185900227e-10
b'Chromosome_Z_RagTag'	34927000	34980000	133	5.897769398119273e-10
b'Chromosome_Z_RagTag'	35086000	35139000	67	4.598836809204189e-10
b'Chromosome_Z_RagTag'	35139000	35192000	93	9.40050896373298e-10
b'Chromosome_Z_RagTag'	35192000	35245000	65	1.5072606598019176e-10
b'Chromosome_Z_RagTag'	35245000	35298000	61	6.833748045165006e-10
b'Chromosome_Z_RagTag'	35298000	35351000	97	1.935064874344949e-09
b'Chromosome_Z_RagTag'	35351000	35404000	150	2.603148869266364e-09
b'Chromosome_Z_RagTag'	35404000	35457000	93	2.950887774328056e-09
b'Chromosome_Z_RagTag'	35457000	35510000	71	2.262792970750816e-09
b'Chromosome_Z_RagTag'	35510000	35563000	124	1.1162497406868588e-09
b'Chromosome_Z_RagTag'	35563000	35616000	92	2.8489070895452714e-09
b'Chromosome_Z_RagTag'	35616000	35669000	68	1.2484416605987773e-09
b'Chromosome_Z_RagTag'	35669000	35722000	58	0
b'Chromosome_Z_RagTag'	35722000	35775000	90	2.4380607911617766e-09
b'Chromosome_Z_RagTag'	35775000	35828000	104	4.508445817741376e-10
b'Chromosome_Z_RagTag'	35828000	35881000	93	1.5578718337616016e-09
b'Chromosome_Z_RagTag'	35881000	35934000	73	1.4211152413467737e-10
b'Chromosome_Z_RagTag'	35934000	35987000	104	8.115315389473e-10
b'Chromosome_Z_RagTag'	35987000	36040000	130	4.767517963496046e-10
b'Chromosome_Z_RagTag'	36040000	36093000	124	4.291337709866513e-10
b'Chromosome_Z_RagTag'	36093000	36146000	81	0
b'Chromosome_Z_RagTag'	36146000	36199000	93	8.377921572892737e-10
b'Chromosome_Z_RagTag'	36199000	36252000	74	0
b'Chromosome_Z_RagTag'	36252000	36305000	133	1.8169793198929183e-09
b'Chromosome_Z_RagTag'	36305000	36358000	113	2.590752552533507e-09
b'Chromosome_Z_RagTag'	36358000	36411000	110	1.2896317560494526e-09
b'Chromosome_Z_RagTag'	36411000	36464000	119	1.5023055331189533e-09
b'Chromosome_Z_RagTag'	36464000	36517000	84	1.8608444100069996e-09
b'Chromosome_Z_RagTag'	36517000	36570000	117	3.803189006271603e-10
b'Chromosome_Z_RagTag'	36570000	36623000	108	2.964593781065453e-10
b'Chromosome_Z_RagTag'	36623000	36676000	109	2.8606717985692947e-10
b'Chromosome_Z_RagTag'	36676000	36729000	86	1.4222075740997035e-09
b'Chromosome_Z_RagTag'	36729000	36782000	93	1.7117473795558904e-09
b'Chromosome_Z_RagTag'	36782000	36835000	82	1.2395796179214683e-09
b'Chromosome_Z_RagTag'	36835000	36888000	59	8.022276824642377e-10
b'Chromosome_Z_RagTag'	36888000	36941000	73	2.434247013016264e-10
b'Chromosome_Z_RagTag'	36941000	36994000	97	3.158056903599683e-09
b'Chromosome_Z_RagTag'	36994000	37047000	88	2.7740223088629568e-09
b'Chromosome_Z_RagTag'	37047000	37100000	83	1.4966000125113206e-09
b'Chromosome_Z_RagTag'	37100000	37153000	82	1.1390136710594879e-09
b'Chromosome_Z_RagTag'	37153000	37206000	96	1.6373723158444993e-09
b'Chromosome_Z_RagTag'	37206000	37259000	128	9.96069530198027e-10
b'Chromosome_Z_RagTag'	37259000	37312000	81	5.918415742578614e-10
b'Chromosome_Z_RagTag'	37312000	37365000	70	5.098235335707505e-10
b'Chromosome_Z_RagTag'	37365000	37418000	85	5.044853637679018e-10
b'Chromosome_Z_RagTag'	37418000	37471000	97	1.3173088261432049e-09
b'Chromosome_Z_RagTag'	37471000	37524000	90	0
b'Chromosome_Z_RagTag'	37524000	37577000	110	7.66599854990758e-10
b'Chromosome_Z_RagTag'	37577000	37630000	101	2.2355135370949656e-10
b'Chromosome_Z_RagTag'	37630000	37683000	90	2.8839137104910053e-10
b'Chromosome_Z_RagTag'	37683000	37736000	84	1.466724983741327e-09
b'Chromosome_Z_RagTag'	37736000	37789000	68	3.550764160793973e-10
b'Chromosome_Z_RagTag'	37789000	37842000	90	4.897598916428091e-10
b'Chromosome_Z_RagTag'	37842000	37895000	67	7.556393740289796e-10
b'Chromosome_Z_RagTag'	37895000	37948000	133	7.389119109349593e-10
b'Chromosome_Z_RagTag'	37948000	38001000	143	3.339474791688946e-09
b'Chromosome_Z_RagTag'	38001000	38054000	100	5.616176331404664e-10
b'Chromosome_Z_RagTag'	38054000	38107000	100	1.4338614159889466e-10
b'Chromosome_Z_RagTag'	38107000	38160000	92	7.232881549886449e-10
b'Chromosome_Z_RagTag'	38160000	38213000	119	5.567442070198604e-10
b'Chromosome_Z_RagTag'	38213000	38266000	97	2.68807829509615e-09
b'Chromosome_Z_RagTag'	38266000	38319000	92	8.862876641112727e-10
b'Chromosome_Z_RagTag'	38319000	38372000	97	6.919940741716004e-10
b'Chromosome_Z_RagTag'	38372000	38425000	63	2.945687270533532e-10
b'Chromosome_Z_RagTag'	38425000	38478000	80	1.2546766958799716e-09
b'Chromosome_Z_RagTag'	38478000	38531000	96	9.568620416969796e-10
b'Chromosome_Z_RagTag'	38531000	38584000	80	1.0268501708941e-09
b'Chromosome_Z_RagTag'	38584000	38637000	97	8.674364689515009e-10
b'Chromosome_Z_RagTag'	38637000	38690000	77	3.632246601649721e-09
b'Chromosome_Z_RagTag'	38690000	38743000	64	8.986511225675112e-10
b'Chromosome_Z_RagTag'	38743000	38796000	61	5.779252667433057e-10
b'Chromosome_Z_RagTag'	38796000	38849000	69	3.7119446451786266e-10
b'Chromosome_Z_RagTag'	38849000	38902000	51	1.3664718996786589e-09
b'Chromosome_Z_RagTag'	38902000	38955000	52	1.7066478459418637e-09
b'Chromosome_Z_RagTag'	38955000	39008000	75	2.7160731921892787e-09
b'Chromosome_Z_RagTag'	39008000	39061000	68	1.720549733637184e-09
b'Chromosome_Z_RagTag'	39167000	39220000	75	3.168721687723667e-10
b'Chromosome_Z_RagTag'	39220000	39273000	68	8.154334001981112e-10
b'Chromosome_Z_RagTag'	39273000	39326000	61	0
b'Chromosome_Z_RagTag'	39326000	39379000	60	2.3556779094216836e-10
b'Chromosome_Z_RagTag'	39379000	39432000	58	0
b'Chromosome_Z_RagTag'	39432000	39485000	69	1.240054995445776e-12
b'Chromosome_Z_RagTag'	39485000	39538000	72	0
b'Chromosome_Z_RagTag'	39538000	39591000	60	3.072283445563668e-09
b'Chromosome_Z_RagTag'	39591000	39644000	73	8.465854103371151e-10
b'Chromosome_Z_RagTag'	39644000	39697000	56	2.6717012494417984e-10
b'Chromosome_Z_RagTag'	39697000	39750000	64	4.437424662149853e-10
b'Chromosome_Z_RagTag'	39750000	39803000	55	5.240752791753884e-10
b'Chromosome_Z_RagTag'	39803000	39856000	54	6.321097468393881e-10
b'Chromosome_Z_RagTag'	39856000	39909000	54	1.1174127818448615e-09
b'Chromosome_Z_RagTag'	39909000	39962000	56	2.6877053891151032e-09
b'Chromosome_Z_RagTag'	39962000	40015000	64	1.6315500459918805e-10
b'Chromosome_Z_RagTag'	40015000	40068000	174	1.867377915920042e-10
b'Chromosome_Z_RagTag'	40068000	40121000	251	0
b'Chromosome_Z_RagTag'	40121000	40174000	64	2.0987938844866e-09
b'Chromosome_Z_RagTag'	40174000	40227000	58	5.488764226983563e-10
b'Chromosome_Z_RagTag'	40280000	40333000	92	9.433674547974398e-10
b'Chromosome_Z_RagTag'	40333000	40386000	189	1.471176216465959e-09
b'Chromosome_Z_RagTag'	40386000	40439000	186	0
b'Chromosome_Z_RagTag'	40439000	40492000	206	2.2909549959127883e-09
b'Chromosome_Z_RagTag'	40492000	40545000	532	2.9930016837717136e-09
b'Chromosome_Z_RagTag'	40545000	40598000	441	5.322123331266508e-09
b'Chromosome_Z_RagTag'	40598000	40651000	455	5.351208934030984e-09
b'Chromosome_Z_RagTag'	40651000	40704000	576	5.138416725331369e-09
b'Chromosome_Z_RagTag'	40704000	40757000	539	5.208154162425225e-09
b'Chromosome_Z_RagTag'	40757000	40810000	450	4.406951124132199e-09
b'Chromosome_Z_RagTag'	40810000	40863000	422	6.135670857679811e-09
b'Chromosome_Z_RagTag'	40863000	40916000	524	5.163961080521158e-09
b'Chromosome_Z_RagTag'	40916000	40969000	584	5.79473716173531e-09
b'Chromosome_Z_RagTag'	40969000	41022000	696	4.9803191273821e-09
b'Chromosome_Z_RagTag'	41022000	41075000	739	4.974974220450591e-09
b'Chromosome_Z_RagTag'	41075000	41128000	699	5.596657305489189e-09
b'Chromosome_Z_RagTag'	41128000	41181000	644	5.605130249437622e-09
b'Chromosome_Z_RagTag'	41181000	41234000	628	5.163854823000727e-09
b'Chromosome_Z_RagTag'	41234000	41287000	480	5.108881980656283e-09
b'Chromosome_Z_RagTag'	41287000	41340000	379	5.275741628110131e-09
b'Chromosome_Z_RagTag'	41340000	41393000	568	5.1293610788515396e-09
b'Chromosome_Z_RagTag'	41393000	41446000	738	4.635364074799517e-09
b'Chromosome_Z_RagTag'	41446000	41499000	642	5.4125371344105695e-09
b'Chromosome_Z_RagTag'	41499000	41552000	653	5.128176880745642e-09
b'Chromosome_Z_RagTag'	41552000	41605000	634	5.470536365865853e-09
b'Chromosome_Z_RagTag'	41605000	41658000	708	5.120991555737787e-09
b'Chromosome_Z_RagTag'	41658000	41711000	678	5.304339084534917e-09
b'Chromosome_Z_RagTag'	41711000	41764000	558	5.53181894288294e-09
b'Chromosome_Z_RagTag'	41764000	41817000	604	4.089476642057476e-09
b'Chromosome_Z_RagTag'	41817000	41870000	630	5.4669429941904875e-09
b'Chromosome_Z_RagTag'	41870000	41923000	614	5.7801880369077516e-09
b'Chromosome_Z_RagTag'	41923000	41976000	714	4.89534242345646e-09
b'Chromosome_Z_RagTag'	41976000	42029000	582	4.645628858580807e-09
b'Chromosome_Z_RagTag'	42029000	42082000	656	5.718857945404332e-09
b'Chromosome_Z_RagTag'	42082000	42135000	505	4.669065201671717e-09
b'Chromosome_Z_RagTag'	42135000	42188000	595	4.671916189046938e-09
b'Chromosome_Z_RagTag'	42188000	42241000	616	5.410520369036688e-09
b'Chromosome_Z_RagTag'	42241000	42294000	591	4.928588262265588e-09
b'Chromosome_Z_RagTag'	42294000	42347000	658	5.173467996425913e-09
b'Chromosome_Z_RagTag'	42347000	42400000	501	5.297018544172919e-09
b'Chromosome_Z_RagTag'	42400000	42453000	611	5.486014032495979e-09
b'Chromosome_Z_RagTag'	42453000	42506000	576	5.188487774697695e-09
b'Chromosome_Z_RagTag'	42506000	42559000	603	4.757915399990654e-09
b'Chromosome_Z_RagTag'	42559000	42612000	753	4.939393552877726e-09
b'Chromosome_Z_RagTag'	42612000	42665000	512	4.549852892000251e-09
b'Chromosome_Z_RagTag'	42665000	42718000	797	5.4285446702999765e-09
b'Chromosome_Z_RagTag'	42718000	42771000	554	5.183290493620491e-09
b'Chromosome_Z_RagTag'	42771000	42824000	758	3.302412753628932e-09
b'Chromosome_Z_RagTag'	42824000	42877000	707	4.322326937508769e-09
b'Chromosome_Z_RagTag'	42877000	42930000	687	4.386864434132529e-09
b'Chromosome_Z_RagTag'	42930000	42983000	698	4.910833800734384e-09
b'Chromosome_Z_RagTag'	42983000	43036000	692	5.268032816385935e-09
b'Chromosome_Z_RagTag'	43036000	43089000	664	4.93543188483566e-09
b'Chromosome_Z_RagTag'	43089000	43142000	438	5.485844067741385e-09
b'Chromosome_Z_RagTag'	43142000	43195000	407	5.320867743235871e-09
b'Chromosome_Z_RagTag'	43195000	43248000	582	5.0406540149677984e-09
b'Chromosome_Z_RagTag'	43248000	43301000	664	3.818325651983612e-09
b'Chromosome_Z_RagTag'	43301000	43354000	696	5.08995029453832e-09
b'Chromosome_Z_RagTag'	43354000	43407000	759	4.532560928441737e-09
b'Chromosome_Z_RagTag'	43407000	43460000	582	5.278410594816315e-09
b'Chromosome_Z_RagTag'	43460000	43513000	601	5.387178227551768e-09
b'Chromosome_Z_RagTag'	43513000	43566000	580	5.259247837004867e-09
b'Chromosome_Z_RagTag'	43566000	43619000	583	5.106358748680567e-09
b'Chromosome_Z_RagTag'	43619000	43672000	683	4.977347462667211e-09
b'Chromosome_Z_RagTag'	43672000	43725000	590	4.794870087224271e-09
b'Chromosome_Z_RagTag'	43725000	43778000	359	1.754722577710764e-09
b'Chromosome_Z_RagTag'	43778000	43831000	580	4.980408010202305e-09
b'Chromosome_Z_RagTag'	43831000	43884000	651	4.889974586648463e-09
b'Chromosome_Z_RagTag'	43884000	43937000	703	5.261294978555336e-09
b'Chromosome_Z_RagTag'	43937000	43990000	602	5.403171698207657e-09
b'Chromosome_Z_RagTag'	43990000	44043000	585	5.383212659066793e-09
b'Chromosome_Z_RagTag'	44043000	44096000	549	5.110792724900213e-09
b'Chromosome_Z_RagTag'	44096000	44149000	495	5.600464846938772e-09
b'Chromosome_Z_RagTag'	44149000	44202000	662	5.0385208272828766e-09
b'Chromosome_Z_RagTag'	44202000	44255000	598	5.61028072519993e-09
b'Chromosome_Z_RagTag'	44255000	44308000	546	4.89104909957198e-09
b'Chromosome_Z_RagTag'	44308000	44361000	455	5.197395322542263e-09
b'Chromosome_Z_RagTag'	44361000	44414000	390	5.388898677459886e-09
b'Chromosome_Z_RagTag'	44414000	44467000	396	5.443677679611329e-09
b'Chromosome_Z_RagTag'	44467000	44520000	411	5.327133982060329e-09
b'Chromosome_Z_RagTag'	44520000	44573000	422	5.587491973826978e-09
b'Chromosome_Z_RagTag'	44573000	44626000	464	4.830489050054778e-09
b'Chromosome_Z_RagTag'	44626000	44679000	716	2.8890850791589575e-09
b'Chromosome_Z_RagTag'	44679000	44732000	376	5.100854542217802e-10
b'Chromosome_Z_RagTag'	44732000	44785000	318	5.202845186846567e-09
b'Chromosome_Z_RagTag'	44785000	44838000	295	4.151957659706837e-09
b'Chromosome_Z_RagTag'	44838000	44891000	292	5.511942994995538e-09
b'Chromosome_Z_RagTag'	44891000	44944000	306	4.924031717582442e-09
b'Chromosome_Z_RagTag'	44944000	44997000	241	5.6905733517788585e-09
b'Chromosome_Z_RagTag'	44997000	45050000	258	9.43714239630527e-10
b'Chromosome_Z_RagTag'	45050000	45103000	332	3.5189349677009292e-09
b'Chromosome_Z_RagTag'	45103000	45156000	293	4.401339332349597e-09
b'Chromosome_Z_RagTag'	45156000	45209000	161	2.1334151612993533e-09
b'Chromosome_Z_RagTag'	45209000	45262000	292	1.035973425051001e-09
b'Chromosome_Z_RagTag'	45262000	45315000	72	1.7617957354362062e-09
b'Chromosome_Z_RagTag'	45315000	45368000	164	2.595918984653167e-09
b'Chromosome_Z_RagTag'	45368000	45421000	152	2.0890988017603477e-09
b'Chromosome_Z_RagTag'	45421000	45474000	277	3.2332443675162965e-09
b'Chromosome_Z_RagTag'	45474000	45527000	162	3.751414735850373e-09
b'Chromosome_Z_RagTag'	45527000	45580000	285	2.446770952956155e-09
b'Chromosome_Z_RagTag'	45580000	45633000	51	6.490627264506311e-10
b'Chromosome_Z_RagTag'	45633000	45686000	73	2.3117852521649985e-09
b'Chromosome_Z_RagTag'	46587000	46640000	103	2.8942393371689347e-09
b'Chromosome_Z_RagTag'	46640000	46693000	56	2.9930551947694203e-10
b'Chromosome_Z_RagTag'	46693000	46746000	57	1.1904952624156105e-09
b'Chromosome_Z_RagTag'	46746000	46799000	80	1.4847171358994356e-09
b'Chromosome_Z_RagTag'	46799000	46852000	56	8.47708028723163e-10
b'Chromosome_Z_RagTag'	46852000	46905000	107	3.550872621597783e-09
b'Chromosome_Z_RagTag'	46905000	46958000	82	2.0151440403210966e-09
b'Chromosome_Z_RagTag'	46958000	47011000	86	1.0853962917231713e-09
b'Chromosome_Z_RagTag'	47011000	47064000	72	2.503009607219464e-09
b'Chromosome_Z_RagTag'	47064000	47117000	141	1.4069327305007898e-09
b'Chromosome_Z_RagTag'	47117000	47170000	106	1.2468013470631307e-09
b'Chromosome_Z_RagTag'	47170000	47223000	97	1.6678840623704036e-09
b'Chromosome_Z_RagTag'	47223000	47276000	143	3.844704879248558e-09
b'Chromosome_Z_RagTag'	47276000	47329000	135	1.4284298442950174e-09
b'Chromosome_Z_RagTag'	47329000	47382000	182	4.6556067825155046e-09
b'Chromosome_Z_RagTag'	47382000	47435000	225	4.385589225692113e-09
b'Chromosome_Z_RagTag'	47435000	47488000	236	2.590358607799806e-09
b'Chromosome_Z_RagTag'	47488000	47541000	249	5.0554674243511795e-09
b'Chromosome_Z_RagTag'	47541000	47594000	269	3.419566375552458e-09
b'Chromosome_Z_RagTag'	47594000	47647000	220	5.67589799443537e-09
b'Chromosome_Z_RagTag'	47647000	47700000	350	4.378844946220954e-09
b'Chromosome_Z_RagTag'	47700000	47753000	309	4.011752989012003e-09
b'Chromosome_Z_RagTag'	47753000	47806000	249	4.533257807574621e-09
b'Chromosome_Z_RagTag'	47806000	47859000	238	3.84193018690052e-09
b'Chromosome_Z_RagTag'	47859000	47912000	310	4.564418445966119e-09
b'Chromosome_Z_RagTag'	47912000	47965000	239	7.802594424448274e-10
b'Chromosome_Z_RagTag'	47965000	48018000	256	4.165463947935101e-09
b'Chromosome_Z_RagTag'	48018000	48071000	311	4.958462463668905e-09
b'Chromosome_Z_RagTag'	48071000	48124000	262	5.099879994815247e-09
b'Chromosome_Z_RagTag'	48124000	48177000	307	3.6402861679776288e-09
b'Chromosome_Z_RagTag'	48177000	48230000	363	3.304679723550715e-09
b'Chromosome_Z_RagTag'	48230000	48283000	343	4.777319157895717e-09
b'Chromosome_Z_RagTag'	48283000	48336000	276	4.51687653833749e-09
b'Chromosome_Z_RagTag'	48336000	48389000	286	4.484861821144394e-09
b'Chromosome_Z_RagTag'	48389000	48442000	294	4.4381148946975465e-09
b'Chromosome_Z_RagTag'	48442000	48495000	300	3.730544056826208e-09
b'Chromosome_Z_RagTag'	48495000	48548000	302	3.0882773890005174e-09
b'Chromosome_Z_RagTag'	48548000	48601000	281	5.070323620411308e-09
b'Chromosome_Z_RagTag'	48601000	48654000	244	4.486523173432695e-09
b'Chromosome_Z_RagTag'	48654000	48707000	294	4.3754623757554765e-09
b'Chromosome_Z_RagTag'	48707000	48760000	299	3.1100014967524627e-09
b'Chromosome_Z_RagTag'	48760000	48813000	273	2.591119844240671e-09
b'Chromosome_Z_RagTag'	48813000	48866000	361	4.767814251310037e-09
b'Chromosome_Z_RagTag'	48866000	48919000	313	4.441900097246839e-09
b'Chromosome_Z_RagTag'	48919000	48972000	285	2.7056333612580904e-09
b'Chromosome_Z_RagTag'	48972000	49025000	252	4.3863654138307926e-09
b'Chromosome_Z_RagTag'	49025000	49078000	244	2.147714184999845e-09
b'Chromosome_Z_RagTag'	49078000	49131000	238	4.467639238191545e-09
b'Chromosome_Z_RagTag'	49131000	49184000	199	1.9729343927333352e-09
b'Chromosome_Z_RagTag'	49184000	49237000	217	2.7290984848898503e-09
b'Chromosome_Z_RagTag'	49237000	49290000	251	2.1365248780541347e-09
b'Chromosome_Z_RagTag'	49290000	49343000	256	3.9311407034074845e-09
b'Chromosome_Z_RagTag'	49343000	49396000	265	4.436134651652712e-09
b'Chromosome_Z_RagTag'	49396000	49449000	233	1.8864446715451356e-09
b'Chromosome_Z_RagTag'	49449000	49502000	204	2.083029948986079e-09
b'Chromosome_Z_RagTag'	49502000	49555000	223	1.4118945666606426e-09
b'Chromosome_Z_RagTag'	49555000	49608000	211	3.466043170472722e-09
b'Chromosome_Z_RagTag'	49608000	49661000	182	5.46755642748419e-09
b'Chromosome_Z_RagTag'	49661000	49714000	242	5.142238804795427e-09
b'Chromosome_Z_RagTag'	49714000	49767000	191	1.1382264907635228e-09
b'Chromosome_Z_RagTag'	49767000	49820000	239	2.0920785037515313e-09
b'Chromosome_Z_RagTag'	49820000	49873000	268	6.263635670693217e-10
b'Chromosome_Z_RagTag'	49873000	49926000	246	4.334600153899547e-09
b'Chromosome_Z_RagTag'	49926000	49979000	223	1.7016607160007294e-09
b'Chromosome_Z_RagTag'	49979000	50032000	217	4.993160685582659e-09
b'Chromosome_Z_RagTag'	50032000	50085000	257	1.958346381671937e-09
b'Chromosome_Z_RagTag'	50085000	50138000	236	2.9438786784224957e-09
b'Chromosome_Z_RagTag'	50138000	50191000	311	4.834530972664555e-09
b'Chromosome_Z_RagTag'	50191000	50244000	383	1.665315916203627e-09
b'Chromosome_Z_RagTag'	50244000	50297000	294	3.9028494317509715e-09
b'Chromosome_Z_RagTag'	50297000	50350000	348	1.4533747132293805e-09
b'Chromosome_Z_RagTag'	50350000	50403000	301	3.1328558464834122e-09
b'Chromosome_Z_RagTag'	50403000	50456000	251	5.494614627303217e-09
b'Chromosome_Z_RagTag'	50456000	50509000	230	6.885824867747928e-10
b'Chromosome_Z_RagTag'	50509000	50562000	275	4.036191805027871e-09
b'Chromosome_Z_RagTag'	50562000	50615000	257	1.0522751765436288e-10
b'Chromosome_Z_RagTag'	50615000	50668000	276	2.011723470086077e-09
b'Chromosome_Z_RagTag'	50668000	50721000	266	1.4734408372573543e-09
b'Chromosome_Z_RagTag'	50721000	50774000	349	3.0845396418399386e-09
b'Chromosome_Z_RagTag'	50774000	50827000	311	1.1277123150266039e-09
b'Chromosome_Z_RagTag'	50827000	50880000	281	3.2983372044734783e-09
b'Chromosome_Z_RagTag'	50880000	50933000	349	3.2642424283556764e-09
b'Chromosome_Z_RagTag'	50933000	50986000	366	5.270386910973733e-09
b'Chromosome_Z_RagTag'	50986000	51039000	301	3.1355983897262693e-09
b'Chromosome_Z_RagTag'	51039000	51092000	203	1.4528099763744074e-09
b'Chromosome_Z_RagTag'	51092000	51145000	230	3.225177749252917e-09
b'Chromosome_Z_RagTag'	51145000	51198000	218	1.2119812658573127e-09
b'Chromosome_Z_RagTag'	51198000	51251000	227	1.7510805095966693e-09
b'Chromosome_Z_RagTag'	51251000	51304000	277	3.6261460430024204e-09
b'Chromosome_Z_RagTag'	51304000	51357000	213	2.5522912305802713e-09
b'Chromosome_Z_RagTag'	51357000	51410000	281	2.8752548768764756e-09
b'Chromosome_Z_RagTag'	51410000	51463000	319	2.479202603857061e-09
b'Chromosome_Z_RagTag'	51463000	51516000	412	2.478755471265524e-09
b'Chromosome_Z_RagTag'	51516000	51569000	303	8.459225714332455e-10
b'Chromosome_Z_RagTag'	51569000	51622000	326	7.370314246723756e-10
b'Chromosome_Z_RagTag'	51622000	51675000	257	3.6669261043923992e-09
b'Chromosome_Z_RagTag'	51675000	51728000	294	5.1902151981249515e-09
b'Chromosome_Z_RagTag'	51728000	51781000	315	4.061596039761074e-09
b'Chromosome_Z_RagTag'	51781000	51834000	404	4.347057222985577e-09
b'Chromosome_Z_RagTag'	51834000	51887000	387	4.544995067651276e-09
b'Chromosome_Z_RagTag'	51887000	51940000	267	2.3158920639613357e-09
b'Chromosome_Z_RagTag'	51940000	51993000	271	3.7923146028901256e-09
b'Chromosome_Z_RagTag'	51993000	52046000	257	5.399465359534972e-10
b'Chromosome_Z_RagTag'	52046000	52099000	269	3.130912539450963e-09
b'Chromosome_Z_RagTag'	52099000	52152000	219	1.840880761251789e-09
b'Chromosome_Z_RagTag'	52152000	52205000	248	1.8672170245471285e-09
b'Chromosome_Z_RagTag'	52205000	52258000	397	1.9219338560025244e-09
b'Chromosome_Z_RagTag'	52258000	52311000	332	2.668329288896115e-09
b'Chromosome_Z_RagTag'	52311000	52364000	287	5.538304788462639e-09
b'Chromosome_Z_RagTag'	52364000	52417000	267	4.007180842557225e-09
b'Chromosome_Z_RagTag'	52417000	52470000	339	4.635110664205741e-09
b'Chromosome_Z_RagTag'	52470000	52523000	312	3.1612399605006572e-09
b'Chromosome_Z_RagTag'	52523000	52576000	389	4.140680710990938e-09
b'Chromosome_Z_RagTag'	52576000	52629000	382	5.061952797149919e-09
b'Chromosome_Z_RagTag'	52629000	52682000	431	2.082995435976106e-09
b'Chromosome_Z_RagTag'	52682000	52735000	405	1.408201910983984e-09
b'Chromosome_Z_RagTag'	52735000	52788000	268	4.45703665241538e-09
b'Chromosome_Z_RagTag'	52788000	52841000	294	5.394896258504655e-09
b'Chromosome_Z_RagTag'	52841000	52894000	261	4.828233412101595e-09
b'Chromosome_Z_RagTag'	52894000	52947000	303	2.6576608092738535e-09
b'Chromosome_Z_RagTag'	52947000	53000000	363	4.06909446395872e-09
b'Chromosome_Z_RagTag'	53000000	53053000	276	3.776064471271369e-09
b'Chromosome_Z_RagTag'	53053000	53106000	283	4.264537561701457e-09
b'Chromosome_Z_RagTag'	53106000	53159000	234	4.569494340532218e-09
b'Chromosome_Z_RagTag'	53159000	53212000	242	4.0931804671842805e-09
b'Chromosome_Z_RagTag'	53212000	53265000	246	2.914691750891806e-10
b'Chromosome_Z_RagTag'	53265000	53318000	234	7.11875222649546e-10
b'Chromosome_Z_RagTag'	53318000	53371000	226	1.307109286134193e-09
b'Chromosome_Z_RagTag'	53371000	53424000	219	4.858293889202575e-09
b'Chromosome_Z_RagTag'	53424000	53477000	191	3.344225649346051e-09
b'Chromosome_Z_RagTag'	53477000	53530000	187	2.4846123999751284e-09
b'Chromosome_Z_RagTag'	53530000	53583000	216	1.4277206728572109e-09
b'Chromosome_Z_RagTag'	53583000	53636000	219	2.6332878280064614e-09
b'Chromosome_Z_RagTag'	53636000	53689000	299	4.769557631094644e-09
b'Chromosome_Z_RagTag'	53689000	53742000	284	4.323479341095205e-09
b'Chromosome_Z_RagTag'	53742000	53795000	250	1.0942020734664142e-09
b'Chromosome_Z_RagTag'	53795000	53848000	268	2.905760772738018e-09
b'Chromosome_Z_RagTag'	53848000	53901000	270	3.09962442749352e-09
b'Chromosome_Z_RagTag'	53901000	53954000	280	9.181616107739635e-10
b'Chromosome_Z_RagTag'	53954000	54007000	241	1.8342464624511096e-09
b'Chromosome_Z_RagTag'	54007000	54060000	229	1.716360303368342e-09
b'Chromosome_Z_RagTag'	54060000	54113000	236	2.3290343108515255e-09
b'Chromosome_Z_RagTag'	54113000	54166000	259	5.1031206718955435e-09
b'Chromosome_Z_RagTag'	54166000	54219000	235	2.5299234906508968e-09
b'Chromosome_Z_RagTag'	54219000	54272000	335	4.184829292387282e-09
b'Chromosome_Z_RagTag'	54272000	54325000	337	3.852523021569416e-09
b'Chromosome_Z_RagTag'	54325000	54378000	305	4.440619924606359e-09
b'Chromosome_Z_RagTag'	54378000	54431000	257	3.2505933307291243e-09
b'Chromosome_Z_RagTag'	54431000	54445659	79	1.4962388078589982e-09
